T0859_fastaalg
GSMANKPMQPITSTANKIVWSDPTRLSTTFSASLLRQRVKVGIAELNNVSGQYVSVYKRPAPKPEGGADAGVIMPNENQSIRTVISGSAENLATLKAEWETHKRNVDTLFASGNAGLGFLDPTAAIVSSDTTA
CCCCCCCCCCCCCCCCEEEECCCCCCCCHHHHHHHHHHCEEEEEEECCCCCCEEEEEECCCCCCCCCCCCCEECCCCCCCEEEEEECCHHHHHHHHHHHHHHHCCCCHEECCCCCCCCCCCCCEEEEECCCCC
eeeeeeeeee-eee-ee----eeee-eee---e--ee--e---ee-ee-eee-----eeeeeeeeeeee------eeee--e---e---e--ee-eee-ee-eee-e---e--e--------------eeeee
0.967826 0.973557 0.921033 0.165578 0.0607698 0.0569531 0.0463674 0.0359235 0.0298549 0.0259288 0.0238444 0.0228079 0.0201241 0.0156996 0.0257083 0.0299243 0.0307805 0.0262575 0.0201914 0.0188868 0.0256693 0.0122656 0.0107132 0.0096428 0.00931847 0.0132513 0.0104398 0.00793542 0.00728918 0.0110128 0.0162943 0.0126577 0.00776099 0.00977426 0.0115004 0.00836069 0.00757046 0.0183664 0.020994 0.0169991 0.0169975 0.0257145 0.0184765 0.0127509 0.0111864 0.014339 0.0198245 0.017592 0.0187032 0.0176608 0.0187739 0.0235039 0.0222523 0.0167782 0.0233883 0.0192571 0.0201513 0.013787 0.0115952 0.0102929 0.0099291 0.0110812 0.0105642 0.0100025 0.0113825 0.0119612 0.0130677 0.0140297 0.0148404 0.0269956 0.0263987 0.0208106 0.0163216 0.0233184 0.024022 0.0171087 0.011596 0.0154329 0.0157523 0.0287692 0.0161952 0.0155731 0.0186322 0.017131 0.0188655 0.0193258 0.0280152 0.0296742 0.0144706 0.00643713 0.0138159 0.0115235 0.00662125 0.0060154 0.00850709 0.0068424 0.00566695 0.00594578 0.00838495 0.00603725 0.00640663 0.011112 0.00882359 0.00997932 0.0143786 0.0151376 0.0136972 0.0230399 0.016725 0.0272798 0.0194982 0.0266258 0.0234584 0.0186001 0.0218644 0.0271605 0.020948 0.0229833 0.0230825 0.0203788 0.0317113 0.0414037 0.0365742 0.0232787 0.0228769 0.0172576 0.0190504 0.0265311 0.0173833 0.0136221 0.0165184 0.0173831 0.015511 
0.973557 0.984268 0.988236 0.984319 0.216901 0.167624 0.0884558 0.0310227 0.0358877 0.0266849 0.0202424 0.0178494 0.0145166 0.0133605 0.0213352 0.0325755 0.0473473 0.0241457 0.0224724 0.0150304 0.0238448 0.014921 0.0127206 0.00962594 0.00872265 0.0111727 0.00960438 0.00874587 0.00719138 0.00850196 0.01334 0.0217234 0.00663737 0.0056347 0.00603648 0.00597081 0.00831529 0.016544 0.0160764 0.0131004 0.0136615 0.0208649 0.0113417 0.00889211 0.0102792 0.011579 0.0233549 0.0193519 0.0153758 0.0127054 0.0185179 0.0219998 0.0150243 0.0187289 0.0268252 0.015777 0.0188184 0.0149204 0.0106075 0.0098369 0.0085738 0.0152617 0.0134275 0.0126698 0.00909064 0.00973424 0.0101336 0.00867993 0.0131033 0.0206247 0.0312695 0.0156169 0.0142923 0.0208964 0.0223105 0.0148352 0.00979751 0.0141751 0.0193016 0.0298623 0.0154137 0.0119583 0.0185533 0.0138104 0.0146891 0.0168575 0.0291774 0.0180445 0.010352 0.00555592 0.0128738 0.00760991 0.00482703 0.00505537 0.00487649 0.00503427 0.00398576 0.00591406 0.0051732 0.00530815 0.00547775 0.00961401 0.00702346 0.0070514 0.0112878 0.0116278 0.0116976 0.019894 0.0118649 0.0185429 0.0155662 0.0240152 0.0245019 0.0197514 0.0204024 0.0274941 0.0143346 0.0221493 0.0165929 0.0141856 0.0303688 0.0345297 0.0272133 0.0164943 0.017571 0.0139685 0.0177122 0.0252549 0.0132777 0.0191148 0.0203583 0.0177285 0.0114159 
0.921033 0.988236 0.994064 0.991905 0.988405 0.333696 0.0843986 0.0997854 0.0289683 0.0202214 0.0325371 0.0121152 0.0156336 0.0131083 0.0439011 0.0368679 0.067553 0.0422646 0.0323248 0.0173634 0.0204231 0.00721566 0.00771475 0.00563602 0.00679227 0.0157047 0.00834025 0.00582764 0.00500841 0.0125823 0.0112291 0.0148751 0.00589704 0.011081 0.0117384 0.00501721 0.00498207 0.0109175 0.0160832 0.00633006 0.0120585 0.0179745 0.0173356 0.0115253 0.0100183 0.0209467 0.0152733 0.0113417 0.0160515 0.00783822 0.009817 0.0102454 0.0147964 0.0168463 0.0169558 0.0156229 0.0167739 0.00775112 0.00930478 0.00872049 0.0114775 0.00938133 0.00742992 0.00848722 0.00689723 0.00892402 0.0111744 0.011455 0.007135 0.0257123 0.0260967 0.0182245 0.0222491 0.0273625 0.0182575 0.0103714 0.00890338 0.00966766 0.0114236 0.0198066 0.0167496 0.00879519 0.0132574 0.015961 0.0202357 0.0113253 0.0220729 0.017272 0.015721 0.00473171 0.010493 0.0124256 0.00618952 0.0033912 0.00803266 0.00311428 0.00497349 0.00349429 0.0048752 0.00365246 0.00325217 0.00573363 0.00376558 0.00566385 0.00811814 0.0134597 0.00680915 0.014672 0.0208164 0.025712 0.0212994 0.0195621 0.020076 0.0116285 0.0229703 0.0220074 0.0201118 0.0234576 0.0214474 0.021848 0.0187828 0.0268101 0.0189196 0.0249306 0.022852 0.0178763 0.0163781 0.0184326 0.0126066 0.0103506 0.0128942 0.00925307 0.0126132 
0.165578 0.984319 0.991905 0.991027 0.990577 0.989309 0.135767 0.0546235 0.0337642 0.0337148 0.0433884 0.0221998 0.0132005 0.0223261 0.0460766 0.0399822 0.0915093 0.0424364 0.0313051 0.0261151 0.0159972 0.00902373 0.0112251 0.00825203 0.00654665 0.0154846 0.00588527 0.00819287 0.0071105 0.0113549 0.00987902 0.0146558 0.0056302 0.0132035 0.0141953 0.00432451 0.00482836 0.0112181 0.0222139 0.00755464 0.0173628 0.0145629 0.0206997 0.0116593 0.0111191 0.016802 0.0129793 0.0130357 0.0235093 0.00754909 0.0101046 0.0104375 0.0199744 0.0205398 0.0149262 0.0183069 0.0177408 0.0075673 0.00837827 0.0110701 0.00906632 0.0107193 0.00859083 0.0143277 0.0104075 0.010419 0.0103908 0.0102169 0.0086114 0.0244278 0.0265613 0.0223949 0.0283139 0.0251821 0.0253527 0.00959019 0.00971137 0.00848131 0.0132439 0.0217844 0.0224286 0.00891303 0.0155191 0.0199347 0.0254171 0.0102711 0.0191293 0.0162975 0.0154143 0.00587921 0.00903473 0.0153965 0.00557118 0.00509488 0.0103228 0.00471734 0.0050223 0.00449518 0.00859126 0.00457834 0.00542279 0.00842846 0.00531445 0.0055649 0.00870088 0.0177689 0.00765446 0.022131 0.0237001 0.0218819 0.0130336 0.0158477 0.0162621 0.0108726 0.0215108 0.0193601 0.0229238 0.0191701 0.0206473 0.0208943 0.0198786 0.0353119 0.0333546 0.0275212 0.0266546 0.024075 0.019837 0.0162341 0.0156211 0.0144804 0.0150077 0.0116143 0.0116291 
0.0607698 0.216901 0.988405 0.990577 0.99314 0.991929 0.981199 0.0780737 0.0760472 0.0520511 0.0349778 0.0263851 0.0240312 0.0234073 0.043373 0.031538 0.0688985 0.0165607 0.0184325 0.0181846 0.0218775 0.0128584 0.0131815 0.00805662 0.00819518 0.00994428 0.0097446 0.00787443 0.00578583 0.00606941 0.0153727 0.0112202 0.00680481 0.00728459 0.0072938 0.00504447 0.00657188 0.0122433 0.015383 0.00779688 0.0113059 0.0175342 0.00978253 0.0087478 0.00814326 0.0146486 0.0187615 0.0162973 0.0169871 0.00969298 0.0114962 0.0125176 0.0151153 0.015587 0.0201991 0.0128271 0.0150518 0.00849066 0.0137681 0.0142052 0.00839197 0.0136437 0.0154684 0.0207942 0.0177178 0.0152427 0.0122527 0.00660736 0.0133802 0.019583 0.0258245 0.0147237 0.013226 0.0184833 0.028393 0.0143465 0.00800099 0.0119404 0.0148553 0.0300344 0.0126223 0.00975366 0.0123847 0.0125132 0.0112338 0.0156918 0.0251937 0.0231457 0.011545 0.00452893 0.0117026 0.00818821 0.00411697 0.00433357 0.00630566 0.00466712 0.00355662 0.00319007 0.00577361 0.00373111 0.004604 0.00713654 0.00541113 0.00705962 0.0102393 0.0139738 0.011568 0.0162691 0.0141806 0.00992552 0.0101096 0.0250529 0.0227577 0.0148287 0.0149634 0.0240199 0.015262 0.0235218 0.010427 0.0140174 0.0328283 0.0441312 0.0303919 0.0209201 0.0198063 0.0111466 0.0146082 0.022988 0.0229255 0.0229402 0.0138435 0.00954706 0.00694049 
0.0569531 0.167624 0.333696 0.989309 0.991929 0.989735 0.988935 0.972279 0.338834 0.101213 0.092853 0.0442809 0.0436822 0.0414887 0.131469 0.0310831 0.0120551 0.0205436 0.0206303 0.0272876 0.0218443 0.0154695 0.0126759 0.00792878 0.0066468 0.0127651 0.011068 0.00706082 0.00580721 0.00858119 0.0133922 0.010499 0.0061008 0.00802316 0.00785128 0.00326856 0.00503427 0.00828078 0.0165838 0.00572592 0.00962328 0.0131975 0.00975054 0.00912293 0.0250055 0.0137805 0.0165612 0.0139484 0.0154899 0.00888536 0.00978808 0.00897382 0.0220641 0.0148188 0.0169413 0.0120519 0.0172846 0.00651228 0.00912772 0.015634 0.00807381 0.0124525 0.00726665 0.0173772 0.0146453 0.0149077 0.00872699 0.00686473 0.014019 0.0199562 0.0238612 0.0145735 0.0141917 0.0161342 0.0243641 0.0136861 0.0197932 0.0123709 0.0143628 0.0267642 0.0113743 0.00617982 0.0127276 0.0118051 0.0118361 0.0131697 0.0224189 0.0200813 0.0111365 0.00955577 0.0116778 0.00857407 0.00454929 0.00416207 0.00672718 0.00349091 0.00343407 0.00747466 0.00905541 0.00797637 0.00469736 0.00571582 0.003953 0.00511788 0.00902698 0.0145659 0.0137957 0.0167823 0.010561 0.0139736 0.00983285 0.0191682 0.0194758 0.0102208 0.0183712 0.022092 0.0140453 0.0209669 0.0151529 0.0161658 0.0316827 0.0360447 0.028785 0.0167756 0.0151015 0.011428 0.013958 0.0188979 0.018604 0.0141116 0.00747725 0.00732439 0.00708035 
0.0463674 0.0884558 0.0843986 0.135767 0.981199 0.988935 0.99092 0.987394 0.9888 0.202865 0.104592 0.059129 0.0390837 0.0382499 0.0395127 0.0222349 0.0156606 0.0218041 0.0237533 0.0253948 0.0206495 0.0105531 0.0151408 0.0108443 0.0101887 0.013579 0.0108545 0.0110087 0.0087695 0.0150678 0.0193769 0.0134174 0.00579312 0.00855245 0.00849745 0.005408 0.00637716 0.0156963 0.0191966 0.0078328 0.0110024 0.0138872 0.0123555 0.0168603 0.0116494 0.0124554 0.0139701 0.0138917 0.01955 0.00990201 0.0108128 0.0125897 0.0304734 0.0160337 0.0158246 0.0149237 0.0194146 0.0100306 0.01372 0.0163053 0.0131577 0.0166645 0.0108433 0.0110328 0.00672958 0.00798962 0.00825698 0.00782838 0.0073071 0.0227767 0.0226952 0.0172757 0.0139813 0.0192066 0.0305911 0.0153817 0.00940805 0.0119185 0.0124521 0.024424 0.0107629 0.00937697 0.0143385 0.0134596 0.0109258 0.0124596 0.021614 0.0198652 0.0154384 0.00589882 0.0134838 0.00936814 0.00605265 0.00519347 0.0065102 0.00525025 0.00426255 0.00415542 0.00812552 0.00500678 0.00576129 0.00840645 0.00621832 0.00689945 0.0100438 0.0152265 0.00751232 0.0195902 0.011961 0.0156065 0.0134451 0.0183564 0.0184793 0.0130091 0.0202606 0.021859 0.0150549 0.0195283 0.0177698 0.0162649 0.0211099 0.0356588 0.0284133 0.0186883 0.0174501 0.01109 0.0140207 0.0167766 0.0115042 0.00765608 0.00918591 0.00964687 0.00979266 
0.0359235 0.0310227 0.0997854 0.0546235 0.0780737 0.972279 0.987394 0.993936 0.993433 0.986883 0.232368 0.0581692 0.0451489 0.0291837 0.0513451 0.0202453 0.0158691 0.0338903 0.027293 0.0160484 0.0224492 0.00930816 0.00954451 0.00646306 0.00819088 0.0156561 0.00962406 0.00814562 0.00780771 0.0209923 0.0202022 0.0183174 0.00501578 0.0102381 0.0108056 0.00535779 0.00612065 0.0122211 0.0161497 0.00544189 0.0100254 0.0154266 0.0292638 0.0163232 0.00884269 0.014277 0.0101751 0.00893441 0.0152195 0.00788155 0.0116359 0.0117113 0.0177243 0.0140446 0.013676 0.0127151 0.0131536 0.00701215 0.01688 0.0141532 0.0125479 0.00839699 0.00513634 0.00640888 0.00463855 0.00740102 0.0100268 0.00857295 0.0052335 0.0231824 0.0246023 0.0144807 0.0214136 0.0299597 0.0216261 0.0113056 0.00811267 0.00784427 0.0129281 0.0181622 0.0149017 0.00858408 0.011429 0.0131868 0.0152371 0.0100791 0.0222938 0.0171161 0.0183978 0.00475 0.00903477 0.0108738 0.00568165 0.00322391 0.00777452 0.00332937 0.00505952 0.00414185 0.00557511 0.00433967 0.00364942 0.00637939 0.00369144 0.0058049 0.00702569 0.0129628 0.00564054 0.0114747 0.0148382 0.0176738 0.0156971 0.0171163 0.019515 0.00918744 0.0214756 0.0204414 0.017779 0.0223028 0.019842 0.0206635 0.0143909 0.0247711 0.0178311 0.0221731 0.0198906 0.0158481 0.0149694 0.0139178 0.00997485 0.00601714 0.00617147 0.00630341 0.0110561 
0.0298549 0.0358877 0.0289683 0.0337642 0.0760472 0.338834 0.9888 0.993433 0.994379 0.991485 0.993838 0.149331 0.0747238 0.0339977 0.0552028 0.0315352 0.022165 0.037137 0.0396241 0.0428588 0.0277788 0.0112584 0.0127851 0.0103168 0.00986962 0.0149446 0.0135424 0.0138582 0.0124362 0.0218704 0.024241 0.0164239 0.00624335 0.00810044 0.00802588 0.00598164 0.00642653 0.0122178 0.0167774 0.00684208 0.0112314 0.0143271 0.0237353 0.00944717 0.00733665 0.0116794 0.0170066 0.0162984 0.020016 0.0110654 0.0103219 0.0166363 0.0182177 0.0157006 0.0165216 0.015201 0.0168325 0.0107716 0.024774 0.0181119 0.0103747 0.00938385 0.00727221 0.00828895 0.00659711 0.00679072 0.00787649 0.00772928 0.00629337 0.0219662 0.0204961 0.0207031 0.0221458 0.0278875 0.0299622 0.0177924 0.0102256 0.0142456 0.014978 0.0228883 0.0132186 0.010231 0.0157293 0.014923 0.0157013 0.0143435 0.0233467 0.0229665 0.014139 0.00510021 0.0129436 0.0080961 0.0051303 0.00503702 0.0064289 0.00394275 0.00429436 0.00450105 0.00977596 0.00453469 0.00556046 0.00575941 0.00457212 0.00651855 0.0101182 0.0145326 0.00642652 0.0179631 0.0127903 0.018682 0.0148066 0.0235351 0.0191271 0.0141313 0.0204413 0.0202968 0.017022 0.0219321 0.0234852 0.0167942 0.0188125 0.0312182 0.0274726 0.0171574 0.0156509 0.0155121 0.016683 0.0183281 0.0121741 0.00683086 0.0102499 0.0103379 0.00976015 
0.0259288 0.0266849 0.0202214 0.0337148 0.0520511 0.101213 0.202865 0.986883 0.991485 0.991084 0.99071 0.98547 0.137193 0.0634935 0.0718594 0.0422803 0.0267903 0.0333071 0.0447061 0.0340596 0.0290482 0.0126124 0.0168588 0.012648 0.0125388 0.0188874 0.0154547 0.0144576 0.0121426 0.0219131 0.0226964 0.0168017 0.00723432 0.0100116 0.0101021 0.0063462 0.00603175 0.0141797 0.0214353 0.00869761 0.0156023 0.0180172 0.014232 0.0121489 0.00890712 0.0129681 0.0158425 0.0148085 0.0230946 0.0130308 0.0120871 0.0146078 0.0229184 0.0162933 0.0190876 0.0196436 0.034661 0.0154136 0.0148309 0.0183999 0.0131738 0.0123651 0.00906345 0.0114406 0.00770109 0.00901933 0.0089012 0.00926489 0.00798692 0.0284497 0.0289599 0.0217417 0.022823 0.0266511 0.0296734 0.0154716 0.0118563 0.0137162 0.012772 0.0254867 0.0122818 0.0117552 0.0180405 0.0157487 0.0145338 0.0177779 0.0301663 0.0289432 0.0193679 0.00741809 0.0153622 0.0107216 0.00644912 0.00629561 0.00756314 0.00542159 0.00547457 0.00568711 0.0100372 0.00545619 0.00687208 0.00972403 0.00582123 0.00743839 0.0112224 0.0191897 0.00833643 0.0231178 0.014126 0.0187819 0.0194682 0.0273189 0.0257644 0.0162353 0.0275898 0.0288275 0.0213646 0.0288003 0.0224698 0.0206726 0.0237242 0.0402757 0.0344362 0.0205608 0.0182227 0.0137721 0.0189703 0.0203255 0.0165268 0.00985566 0.0130597 0.0140741 0.0138629 
0.0238444 0.0202424 0.0325371 0.0433884 0.0349778 0.092853 0.104592 0.232368 0.993838 0.99071 0.995562 0.993885 0.981356 0.323659 0.390455 0.0682788 0.0847276 0.186743 0.125169 0.0554256 0.035556 0.0136164 0.0154265 0.0203435 0.031068 0.0754154 0.014509 0.0207587 0.0167637 0.0448 0.0273265 0.0558778 0.00867897 0.0411253 0.043494 0.00908213 0.0083414 0.0292467 0.0577818 0.0162035 0.0460397 0.0311143 0.0437186 0.0221326 0.0140165 0.0362503 0.0146156 0.0144747 0.0553866 0.0142553 0.0168693 0.0207924 0.0368726 0.0453603 0.0270882 0.051479 0.0402551 0.0168372 0.0179895 0.0145403 0.0211584 0.0119538 0.0100774 0.0116093 0.0102279 0.0101741 0.0115324 0.0178512 0.0106374 0.0665441 0.0549567 0.0554657 0.0588578 0.0541249 0.033936 0.0129768 0.0118097 0.0112584 0.0174833 0.0315871 0.0476357 0.0204403 0.0363818 0.0434472 0.0464899 0.0181988 0.0442593 0.0310364 0.0640692 0.0117483 0.0203868 0.0348226 0.0151962 0.00996512 0.025734 0.00810484 0.014462 0.0089341 0.0202464 0.00866324 0.00913943 0.0147389 0.0079517 0.0090642 0.0107989 0.0444476 0.0110463 0.0378741 0.0363393 0.0319056 0.0325093 0.0328381 0.0380508 0.0137222 0.0615759 0.0431295 0.0518606 0.0387626 0.0428161 0.0542362 0.031794 0.0489655 0.0529739 0.0556901 0.0515376 0.0576637 0.0489362 0.0263057 0.0172767 0.0141074 0.0195344 0.0175592 0.0278287 
0.0228079 0.0178494 0.0121152 0.0221998 0.0263851 0.0442809 0.059129 0.0581692 0.149331 0.98547 0.993885 0.992456 0.991879 0.9865 0.400024 0.0965227 0.0930994 0.0708975 0.0396922 0.0142446 0.0295388 0.0190467 0.0189868 0.0226419 0.0184844 0.019201 0.0159478 0.0216356 0.0190758 0.0138514 0.0183315 0.0177673 0.00775026 0.00989151 0.0100157 0.00602626 0.00579082 0.0160324 0.0236694 0.00882206 0.0158368 0.0152392 0.0144433 0.00802412 0.00826306 0.0118724 0.0177934 0.0177138 0.0262806 0.0132464 0.0117346 0.0130044 0.0102416 0.0167369 0.0164245 0.0196197 0.0130574 0.0104369 0.0120334 0.0127071 0.00982459 0.0110632 0.00762467 0.00896918 0.00786499 0.00803583 0.00902484 0.0085675 0.00949957 0.02566 0.0322884 0.0228683 0.0205853 0.0189992 0.0261949 0.0141877 0.011941 0.0126264 0.0157377 0.02543 0.0154596 0.0104406 0.0195756 0.0193171 0.0162943 0.0124518 0.0285672 0.0260808 0.0198136 0.00808736 0.015358 0.0111457 0.00702221 0.00708603 0.00922358 0.00528211 0.00512556 0.00560646 0.00534801 0.00707215 0.00733591 0.0102212 0.0057453 0.00734565 0.00966798 0.0216301 0.0133172 0.0210518 0.0133786 0.0124446 0.0164981 0.0266474 0.0235693 0.016147 0.0263162 0.0249499 0.0194822 0.0240006 0.0162086 0.0188085 0.0269883 0.0365558 0.0299584 0.022048 0.0186779 0.0154914 0.0177481 0.0169102 0.0188633 0.0167283 0.0164635 0.014655 0.0139398 
0.0201241 0.0145166 0.0156336 0.0132005 0.0240312 0.0436822 0.0390837 0.0451489 0.0747238 0.137193 0.981356 0.991879 0.991919 0.988564 0.990247 0.270777 0.116548 0.0401004 0.0223927 0.0120791 0.0277431 0.020105 0.0137342 0.0125823 0.0127935 0.0121586 0.0129 0.022476 0.0156221 0.0127359 0.0180841 0.0132113 0.0077414 0.00650229 0.0059503 0.00501041 0.00518306 0.0119584 0.0125268 0.00811093 0.00939475 0.0138516 0.00809926 0.00645219 0.00982707 0.0107042 0.0227998 0.0208521 0.0171949 0.0114727 0.010211 0.0110433 0.0100247 0.011163 0.017877 0.0121815 0.0125441 0.0104532 0.0110551 0.00947627 0.00684246 0.00851836 0.00773432 0.00704497 0.00675832 0.00722057 0.0077024 0.00666756 0.0100932 0.0182327 0.0258561 0.0124378 0.0108363 0.0199738 0.0191526 0.0132322 0.0097358 0.0114519 0.0155714 0.0237162 0.0100989 0.00764791 0.0153699 0.011056 0.0106671 0.0136923 0.0333982 0.0225164 0.0124706 0.00589272 0.0138048 0.00714923 0.00451881 0.00601752 0.00601579 0.00491926 0.00360378 0.00449177 0.00525094 0.00519058 0.00572005 0.00914292 0.00612727 0.00580786 0.00964805 0.0118922 0.0124407 0.0193207 0.00955585 0.0114637 0.0152397 0.0240564 0.0232695 0.014924 0.0176967 0.0242174 0.0140929 0.022762 0.0145865 0.0125184 0.0275448 0.0277786 0.0257911 0.0176662 0.0171203 0.0103256 0.0116016 0.0219888 0.0156654 0.0164261 0.0148524 0.0115888 0.0108159 
0.0156996 0.0133605 0.0131083 0.0223261 0.0234073 0.0414887 0.0382499 0.0291837 0.0339977 0.0634935 0.323659 0.9865 0.988564 0.984883 0.991683 0.988992 0.220381 0.0638609 0.025607 0.0120768 0.0277238 0.0137614 0.0161249 0.0142705 0.0148166 0.0175498 0.0168292 0.0116403 0.00991278 0.0100925 0.0144381 0.0124087 0.00685934 0.0089405 0.00955322 0.00521031 0.00504847 0.012517 0.0184467 0.00784182 0.0132047 0.0158158 0.014605 0.0120302 0.0137753 0.0215079 0.0323633 0.0272936 0.0279425 0.0123968 0.0087178 0.010696 0.00976891 0.0146763 0.0159018 0.0166714 0.012305 0.0153686 0.0155265 0.0136658 0.0105326 0.0137533 0.00767167 0.0111083 0.00782324 0.00792293 0.00880364 0.00944694 0.0095559 0.0234414 0.0266346 0.0176634 0.0186596 0.022838 0.0359876 0.0149666 0.013385 0.0123653 0.013992 0.022819 0.0142139 0.00998182 0.0176307 0.0175914 0.0155813 0.0155595 0.0280603 0.0266501 0.0173774 0.00746279 0.0151307 0.0109812 0.00598322 0.00664724 0.00883536 0.00468776 0.00473644 0.0047511 0.00536521 0.00619537 0.00657854 0.00940077 0.00568774 0.00763551 0.00892106 0.020472 0.0117927 0.0178537 0.0154402 0.0137723 0.0188045 0.0282356 0.0251942 0.0135874 0.0247818 0.0217041 0.0205078 0.0245817 0.016277 0.0194615 0.0248652 0.0389855 0.026687 0.0279977 0.0249437 0.0165032 0.0190875 0.0236879 0.0199418 0.0159586 0.0143511 0.011238 0.0141868 
0.0257083 0.0213352 0.0439011 0.0460766 0.043373 0.131469 0.0395127 0.0513451 0.0552028 0.0718594 0.390455 0.400024 0.990247 0.991683 0.995071 0.994084 0.993559 0.340986 0.079152 0.0489451 0.0504223 0.0244284 0.0283007 0.0269944 0.0199285 0.0579525 0.0232761 0.026348 0.0231975 0.0365119 0.0317999 0.0438765 0.01297 0.0369812 0.0395768 0.00949279 0.00983624 0.0261552 0.0462679 0.0171549 0.041752 0.0393747 0.0641469 0.0476922 0.0528406 0.0879878 0.0467282 0.0368969 0.068541 0.0191432 0.0176897 0.0203149 0.0373043 0.043818 0.0316727 0.053163 0.0571216 0.0366961 0.0267459 0.0283648 0.0257341 0.0219434 0.0150283 0.0207402 0.0178418 0.017096 0.0182344 0.0203429 0.0162875 0.0496597 0.0515805 0.0472409 0.0588713 0.0700362 0.0634987 0.0204393 0.0212985 0.0183611 0.0257937 0.0410769 0.0493416 0.0185142 0.0388719 0.0503668 0.0599236 0.0262279 0.0612303 0.0443359 0.0478865 0.0146366 0.0266368 0.0462083 0.0143002 0.0146427 0.0344507 0.00961911 0.011879 0.0113959 0.023348 0.0115795 0.0152639 0.0238893 0.0108248 0.0122984 0.0160083 0.0481555 0.015542 0.0407711 0.0400465 0.041017 0.0319814 0.0450625 0.0448454 0.0199168 0.0489922 0.0480132 0.058316 0.0458792 0.0522452 0.0573243 0.0454204 0.0738775 0.0576839 0.0456073 0.0520997 0.0625301 0.0619384 0.04653 0.0298525 0.0204981 0.0278605 0.0206391 0.0206024 
0.0299243 0.0325755 0.0368679 0.0399822 0.031538 0.0310831 0.0222349 0.0202453 0.0315352 0.0422803 0.0682788 0.0965227 0.270777 0.988992 0.994084 0.994293 0.989226 0.97531 0.055185 0.0378461 0.0448404 0.0262049 0.0213296 0.0137072 0.0176177 0.0250829 0.0228494 0.0168784 0.0122612 0.00965549 0.0231247 0.0154931 0.0104878 0.0104369 0.0106725 0.0066492 0.00659149 0.0121803 0.0166407 0.0114937 0.0203611 0.0474141 0.0443209 0.0455706 0.0539079 0.0602139 0.0377238 0.0227418 0.0239164 0.0129316 0.0111762 0.0122125 0.0178798 0.0208508 0.0376492 0.0311498 0.0488434 0.0526947 0.0265542 0.0202831 0.0131378 0.0164844 0.0108529 0.0150763 0.00836714 0.013757 0.0123321 0.00887063 0.0142934 0.0214304 0.026276 0.0215093 0.0272523 0.0334768 0.0429774 0.0194499 0.0105037 0.0152624 0.0151738 0.0287156 0.0176882 0.016575 0.0213754 0.0237793 0.0248428 0.0398074 0.0485102 0.0375836 0.0193175 0.00711107 0.0186606 0.012584 0.0062909 0.00684112 0.0103277 0.00667513 0.00521377 0.00454809 0.00887772 0.00535183 0.00639378 0.0100875 0.00640724 0.00994276 0.0125564 0.0189859 0.0168938 0.0191195 0.0189403 0.0176171 0.0230382 0.0409451 0.0355186 0.0171527 0.0209461 0.0281432 0.0211039 0.0281782 0.0138072 0.0216375 0.0384689 0.0443188 0.0309517 0.0240176 0.0250831 0.0276978 0.0447461 0.0767082 0.0412381 0.025949 0.0150797 0.0179151 0.0103617 
0.0307805 0.0473473 0.067553 0.0915093 0.0688985 0.0120551 0.0156606 0.0158691 0.022165 0.0267903 0.0847276 0.0930994 0.116548 0.220381 0.993559 0.989226 0.989544 0.99558 0.982792 0.105831 0.038185 0.0151708 0.0101243 0.00904026 0.00707045 0.0239256 0.0134561 0.0118401 0.00831468 0.0143422 0.0135201 0.011152 0.00558979 0.00933017 0.00948531 0.00292636 0.0035573 0.00716759 0.0219834 0.0185372 0.0665962 0.0909573 0.101177 0.088404 0.129505 0.0661016 0.0264878 0.0117992 0.0172243 0.00677169 0.00688963 0.0100999 0.0452534 0.0609551 0.0898239 0.0978965 0.114266 0.0318364 0.0161054 0.0101628 0.00781151 0.0096358 0.0066862 0.00962474 0.0147004 0.00831747 0.00723651 0.00739999 0.0138509 0.0212136 0.0270654 0.053254 0.0578403 0.0334702 0.0268741 0.013783 0.0156584 0.0110407 0.00865174 0.0231864 0.0333246 0.026652 0.0521445 0.0625511 0.0678955 0.0494017 0.0348994 0.0253469 0.0148871 0.0126265 0.0150636 0.010785 0.00532603 0.00598094 0.00928972 0.00409544 0.00438061 0.00948433 0.0116253 0.00951272 0.00555984 0.0058725 0.0038864 0.00433804 0.00962443 0.0184685 0.0175778 0.0225683 0.0386948 0.0511947 0.018456 0.0268331 0.0211293 0.0102046 0.0182466 0.0207976 0.0179865 0.0202715 0.01765 0.0224393 0.0352732 0.0310226 0.0295495 0.0464552 0.0787306 0.104531 0.097177 0.0755005 0.0277219 0.018104 0.0103793 0.0114367 0.0175778 
0.0262575 0.0241457 0.0422646 0.0424364 0.0165607 0.0205436 0.0218041 0.0338903 0.037137 0.0333071 0.186743 0.0708975 0.0401004 0.0638609 0.340986 0.97531 0.99558 0.996205 0.997413 0.986031 0.0406188 0.0112813 0.00989904 0.0170388 0.0250348 0.0779129 0.0194965 0.0311999 0.0198054 0.0446965 0.0232507 0.0474439 0.00722992 0.0381441 0.0362696 0.00725062 0.00674066 0.022416 0.0638505 0.0541913 0.172295 0.167394 0.228033 0.171441 0.0967573 0.0887122 0.0117357 0.00823872 0.0372735 0.00774904 0.00941766 0.0197292 0.108332 0.194578 0.159441 0.210802 0.141021 0.052145 0.0170991 0.010137 0.0163733 0.00953525 0.0101287 0.0095138 0.0100875 0.00940305 0.0117038 0.0200808 0.0108306 0.0668174 0.069268 0.182908 0.197608 0.0559467 0.0292675 0.00965223 0.00946476 0.00767672 0.0158908 0.0366898 0.149537 0.0777805 0.134952 0.190144 0.189852 0.0454332 0.0400485 0.0242223 0.0469746 0.0106518 0.0170379 0.0323423 0.0146444 0.00942587 0.02742 0.00727085 0.0119818 0.00780732 0.0181144 0.00729533 0.007943 0.0147385 0.00681379 0.00888599 0.00898049 0.0407641 0.0117409 0.0434193 0.120164 0.114197 0.0456729 0.0271028 0.0248109 0.00984645 0.0479297 0.0313684 0.0470528 0.0304939 0.0406785 0.0562835 0.029488 0.0368122 0.0603143 0.173693 0.253944 0.280359 0.262872 0.0807669 0.0165655 0.0128825 0.0179727 0.0199075 0.0469318 
0.0201914 0.0224724 0.0323248 0.0313051 0.0184325 0.0206303 0.0237533 0.027293 0.0396241 0.0447061 0.125169 0.0396922 0.0223927 0.025607 0.079152 0.055185 0.982792 0.997413 0.996743 0.996819 0.976646 0.0435835 0.030263 0.0279028 0.058358 0.166143 0.0533664 0.0687547 0.0586541 0.0779429 0.0513959 0.0638868 0.0121023 0.0394054 0.0394766 0.00895296 0.0093679 0.0317013 0.0789199 0.0804265 0.193398 0.157002 0.198334 0.124429 0.0705112 0.0670727 0.0139183 0.010332 0.0437953 0.00983097 0.0122014 0.0259581 0.126568 0.21112 0.186914 0.185345 0.0903876 0.0373034 0.0179307 0.0127055 0.0162406 0.0127698 0.0123248 0.0147252 0.014632 0.01101 0.0115495 0.0181874 0.0116956 0.0725211 0.0824066 0.204401 0.162189 0.0573531 0.0363229 0.012936 0.0137659 0.0111313 0.0182814 0.0572196 0.118826 0.0785339 0.151152 0.206376 0.153604 0.0460231 0.0366412 0.0275336 0.0385157 0.0121581 0.0223926 0.0309277 0.0128309 0.00951526 0.0255534 0.00862523 0.0105699 0.00901764 0.0196711 0.00950509 0.00917818 0.0177191 0.00882177 0.0116713 0.0147278 0.0511596 0.0145872 0.0632093 0.132591 0.0994575 0.0357618 0.0291789 0.02666 0.0132891 0.0467778 0.0354517 0.0502394 0.0353048 0.0447509 0.0580415 0.033375 0.0644644 0.100258 0.188236 0.27844 0.29844 0.200238 0.068311 0.0180399 0.00880015 0.0256701 0.0313629 0.0652161 
0.0188868 0.0150304 0.0173634 0.0261151 0.0181846 0.0272876 0.0253948 0.0160484 0.0428588 0.0340596 0.0554256 0.0142446 0.0120791 0.0120768 0.0489451 0.0378461 0.105831 0.986031 0.996819 0.997165 0.991943 0.978655 0.168661 0.0949926 0.23501 0.488305 0.117189 0.0892377 0.0551037 0.0713026 0.0461207 0.0581355 0.010577 0.0423005 0.0400136 0.0166267 0.0143955 0.0495495 0.0767651 0.084049 0.168236 0.156904 0.175764 0.0771871 0.0269793 0.0453369 0.0134207 0.0118045 0.0348265 0.0111663 0.0218176 0.0529892 0.110908 0.169543 0.0941281 0.0947603 0.0531324 0.0322361 0.0199695 0.0143479 0.0173699 0.0155028 0.0165242 0.016928 0.0114075 0.0135141 0.012262 0.0201422 0.0169429 0.0785879 0.0694952 0.109422 0.0814406 0.0336134 0.0399908 0.014708 0.012949 0.015071 0.0353686 0.0592922 0.106207 0.0666999 0.0622089 0.103211 0.0812611 0.030032 0.0544126 0.0275052 0.0324387 0.00804398 0.022392 0.0312752 0.0104875 0.00545012 0.023112 0.010017 0.0093526 0.00667229 0.0149826 0.00645695 0.00547831 0.0197393 0.0121487 0.0208522 0.0155559 0.0444935 0.0163559 0.0569812 0.115831 0.0978908 0.0320695 0.0284191 0.0386579 0.0172485 0.0483216 0.0446017 0.0547841 0.0465277 0.0420871 0.0681824 0.0506284 0.0908457 0.114067 0.228289 0.208963 0.141112 0.0995893 0.0381731 0.0138474 0.0136122 0.0289124 0.0323776 0.0615888 
0.0256693 0.0238448 0.0204231 0.0159972 0.0218775 0.0218443 0.0206495 0.0224492 0.0277788 0.0290482 0.035556 0.0295388 0.0277431 0.0277238 0.0504223 0.0448404 0.038185 0.0406188 0.976646 0.991943 0.996302 0.996311 0.99106 0.443685 0.536096 0.581002 0.330985 0.179458 0.125599 0.11509 0.144698 0.0723224 0.0243362 0.0282095 0.0271852 0.0182308 0.0191027 0.0533588 0.0576314 0.0494915 0.0826061 0.116778 0.0635868 0.0240594 0.0173188 0.0245992 0.0320375 0.0319597 0.0433734 0.0306073 0.0382994 0.0555888 0.0659738 0.0567277 0.0633288 0.0363789 0.0340491 0.0195143 0.0217425 0.0218379 0.0218482 0.0215103 0.0209022 0.0197383 0.0173294 0.0228956 0.0263783 0.0219624 0.0396916 0.0683398 0.0978082 0.0457541 0.0339701 0.0526168 0.0504172 0.0275703 0.0199569 0.0336302 0.0540685 0.0989028 0.0549301 0.0362992 0.0556924 0.0418485 0.0354659 0.0308679 0.0752779 0.0534008 0.0333473 0.0109988 0.0405396 0.0224961 0.0096567 0.0110777 0.0168606 0.011025 0.00769608 0.00833333 0.014904 0.00994016 0.0119352 0.0306982 0.017014 0.0191319 0.0298851 0.0402 0.0335621 0.0632565 0.067224 0.0433146 0.0263679 0.0543995 0.0644084 0.0331906 0.0509787 0.0710907 0.0483084 0.0845444 0.0618019 0.0513284 0.092898 0.13616 0.220582 0.168587 0.0791464 0.04207 0.0352055 0.046692 0.0228824 0.030308 0.0336082 0.0381419 0.0268551 
0.0122656 0.014921 0.00721566 0.00902373 0.0128584 0.0154695 0.0105531 0.00930816 0.0112584 0.0126124 0.0136164 0.0190467 0.020105 0.0137614 0.0244284 0.0262049 0.0151708 0.0112813 0.0435835 0.978655 0.996311 0.992869 0.990173 0.987957 0.743985 0.477877 0.253273 0.0902667 0.040857 0.0324981 0.0539864 0.0232107 0.0111791 0.0091387 0.0100123 0.0124109 0.00631144 0.0272833 0.0203781 0.023799 0.021298 0.0275025 0.0117888 0.00697975 0.00362872 0.00917096 0.0175062 0.0176162 0.0129485 0.0154378 0.0151769 0.0134582 0.0150172 0.0105728 0.0191657 0.00885384 0.0104942 0.0128694 0.0183424 0.0117895 0.00904195 0.00973473 0.0150911 0.00927551 0.00425982 0.0106012 0.00975351 0.009406 0.0126119 0.0268334 0.0245446 0.0104094 0.00876014 0.014822 0.0196876 0.0137855 0.00550538 0.0167002 0.0140929 0.0397687 0.0122842 0.0181209 0.019247 0.010062 0.0092564 0.0133097 0.0228983 0.0243697 0.0128275 0.00281162 0.0144793 0.00752047 0.00481649 0.00530224 0.00618219 0.00832422 0.00360544 0.00228617 0.00573812 0.00262209 0.00558382 0.0120937 0.011136 0.0128135 0.0185761 0.0123461 0.0124165 0.0225529 0.0111656 0.0142478 0.0116294 0.0270831 0.0240656 0.0179773 0.0224414 0.0274405 0.0190977 0.029515 0.0222082 0.0186778 0.0270311 0.0517123 0.122086 0.0406502 0.018054 0.0112915 0.012135 0.0405912 0.0196263 0.00885057 0.0126059 0.0126786 0.0114197 
0.0107132 0.0127206 0.00771475 0.0112251 0.0131815 0.0126759 0.0151408 0.00954451 0.0127851 0.0168588 0.0154265 0.0189868 0.0137342 0.0161249 0.0283007 0.0213296 0.0101243 0.00989904 0.030263 0.168661 0.99106 0.990173 0.99325 0.99225 0.984764 0.536761 0.1046 0.0395764 0.022182 0.0215119 0.0280308 0.0230706 0.00851681 0.00893808 0.0107501 0.00901172 0.0102982 0.0181312 0.0269434 0.0123283 0.0173975 0.0169531 0.00936223 0.00836257 0.00685193 0.0126219 0.0160541 0.016602 0.0210054 0.0124808 0.0143371 0.0191209 0.0227319 0.0141598 0.0152618 0.0141406 0.0204087 0.0104039 0.0175006 0.0152051 0.00978626 0.0114909 0.00939005 0.0105182 0.00718467 0.0091309 0.00963372 0.00963602 0.00945221 0.0302098 0.027715 0.0168419 0.0110224 0.0201769 0.0251504 0.0139715 0.00886222 0.0142987 0.0160511 0.0296613 0.0112092 0.0107781 0.0169718 0.0141199 0.00996967 0.011493 0.0225236 0.0227069 0.0151355 0.00566291 0.014098 0.0088714 0.00549251 0.00586103 0.0074659 0.00530656 0.00445826 0.00405615 0.00770379 0.0046074 0.0066847 0.0102321 0.00740501 0.00933023 0.016326 0.020341 0.00995866 0.0251592 0.0122323 0.0170802 0.0145004 0.0230339 0.0230811 0.0161364 0.0243821 0.0250325 0.020454 0.0281965 0.0239577 0.024908 0.0347145 0.0382212 0.0512218 0.0290135 0.0168656 0.0115108 0.0200175 0.0318131 0.0182181 0.00974491 0.0131348 0.0120319 0.0132259 
0.0096428 0.00962594 0.00563602 0.00825203 0.00805662 0.00792878 0.0108443 0.00646306 0.0103168 0.012648 0.0203435 0.0226419 0.0125823 0.0142705 0.0269944 0.0137072 0.00904026 0.0170388 0.0279028 0.0949926 0.443685 0.987957 0.99225 0.989747 0.992369 0.992682 0.213269 0.0685956 0.0355981 0.0229595 0.0263859 0.0242283 0.00919481 0.0116855 0.0165287 0.00988959 0.0115742 0.0169643 0.0240425 0.00930946 0.0144532 0.0118987 0.0118525 0.00701533 0.00789575 0.0127872 0.0155459 0.0121739 0.0182465 0.0107014 0.0101843 0.0130442 0.0097609 0.0162957 0.0145694 0.0146926 0.0107726 0.0096581 0.0130652 0.0119677 0.00711051 0.00827792 0.00598646 0.00903172 0.00666804 0.00635581 0.00754759 0.00763863 0.00837127 0.022783 0.0251458 0.0168216 0.0166915 0.0179799 0.0256581 0.0100875 0.00830604 0.0103482 0.0130679 0.0257087 0.0149116 0.00897219 0.0181651 0.0150255 0.0135994 0.0101926 0.0200797 0.0187226 0.0137862 0.00573126 0.0103825 0.00799697 0.00524383 0.00518402 0.00662224 0.00408475 0.00390418 0.00376316 0.00460175 0.00543182 0.00669336 0.00873582 0.0050325 0.00771759 0.00914896 0.0199715 0.0102434 0.018596 0.0143537 0.0135697 0.0146117 0.0208631 0.0183707 0.0109206 0.0186578 0.0182741 0.019069 0.0244636 0.0191226 0.0352395 0.0551634 0.0434517 0.03046 0.0158388 0.0137298 0.0164297 0.0226191 0.0250054 0.015008 0.0118173 0.0122813 0.010624 0.0087274 
0.00931847 0.00872265 0.00679227 0.00654665 0.00819518 0.0066468 0.0101887 0.00819088 0.00986962 0.0125388 0.031068 0.0184844 0.0127935 0.0148166 0.0199285 0.0176177 0.00707045 0.0250348 0.058358 0.23501 0.536096 0.743985 0.984764 0.992369 0.992035 0.993724 0.988458 0.184649 0.055494 0.0379798 0.0517997 0.0334094 0.0164777 0.0204824 0.0250853 0.0073538 0.00601812 0.0120328 0.0208739 0.00528816 0.0116901 0.0126397 0.0110748 0.00710519 0.0156693 0.0183052 0.0151095 0.0130416 0.0182238 0.010099 0.0118869 0.0105268 0.0172989 0.0144431 0.0177673 0.0164369 0.0171142 0.00595083 0.0094619 0.00989629 0.00621691 0.00709795 0.00473933 0.00766054 0.0129139 0.00808766 0.00726737 0.00620382 0.0133075 0.0191857 0.0252761 0.0173257 0.0167742 0.0235028 0.0217932 0.011296 0.0144365 0.0108871 0.0113218 0.0245181 0.0188772 0.00922558 0.0143107 0.0137992 0.013563 0.0127296 0.0274822 0.0207539 0.0123264 0.00981614 0.0128933 0.00999617 0.00428175 0.00518513 0.00811561 0.0030899 0.00332301 0.00707206 0.0115621 0.00924756 0.00620039 0.00841998 0.00432746 0.00830843 0.0100934 0.0188782 0.014907 0.0211524 0.0164227 0.0158008 0.0124146 0.0222848 0.0228871 0.0120929 0.016826 0.0245507 0.0259373 0.0288841 0.0302109 0.0450474 0.0605037 0.032848 0.0281076 0.0137088 0.0133191 0.0194213 0.0255373 0.0317877 0.0192358 0.0191192 0.0110008 0.00877572 0.00690129 
0.0132513 0.0111727 0.0157047 0.0154846 0.00994428 0.0127651 0.013579 0.0156561 0.0149446 0.0188874 0.0754154 0.019201 0.0121586 0.0175498 0.0579525 0.0250829 0.0239256 0.0779129 0.166143 0.488305 0.581002 0.477877 0.536761 0.992682 0.993724 0.996253 0.993376 0.989369 0.300889 0.379457 0.322536 0.274159 0.0445963 0.0589491 0.048169 0.0152737 0.00782351 0.0334307 0.0600129 0.0149098 0.0335756 0.0258059 0.0348695 0.0203528 0.00971383 0.040306 0.0190033 0.0200125 0.0567706 0.011964 0.0197907 0.0190897 0.0283248 0.0418206 0.024766 0.0506732 0.0283643 0.0145941 0.0186458 0.0155233 0.0174767 0.0136276 0.0101446 0.0129403 0.00911109 0.0138052 0.0137101 0.0171927 0.0108219 0.0578979 0.0616977 0.050377 0.0477488 0.0504046 0.0374042 0.0128086 0.00877063 0.0138655 0.0172557 0.0385223 0.0516244 0.0252732 0.0253083 0.0409684 0.0416618 0.015774 0.0520605 0.029352 0.0441983 0.0074991 0.022408 0.0303346 0.0121937 0.00864638 0.0254208 0.0084547 0.00976456 0.00544944 0.0241561 0.00578063 0.00835722 0.0249678 0.00948446 0.0130073 0.0147041 0.0519069 0.0143 0.0360996 0.0392635 0.0346096 0.0287202 0.0298009 0.0396746 0.0164471 0.0525053 0.0463597 0.048676 0.0486076 0.0509155 0.0580295 0.0398677 0.0488855 0.0458548 0.0458485 0.0487166 0.0634815 0.065517 0.0574438 0.0206608 0.0150782 0.0180392 0.0169275 0.0234671 
0.0104398 0.00960438 0.00834025 0.00588527 0.0097446 0.011068 0.0108545 0.00962406 0.0135424 0.0154547 0.014509 0.0159478 0.0129 0.0168292 0.0232761 0.0228494 0.0134561 0.0194965 0.0533664 0.117189 0.330985 0.253273 0.1046 0.213269 0.988458 0.993376 0.993299 0.99183 0.983458 0.350051 0.582736 0.31198 0.0268652 0.0150182 0.0121629 0.00615494 0.00519293 0.0124175 0.017449 0.0106026 0.0106998 0.013814 0.00916951 0.00729533 0.00768501 0.0101585 0.0164342 0.016989 0.0186275 0.0129449 0.0127631 0.0157085 0.0120207 0.012895 0.0196296 0.0132661 0.0117561 0.00852252 0.00984591 0.0104978 0.00655674 0.00908352 0.00865122 0.0081923 0.00788544 0.00845473 0.00925467 0.0077314 0.0121811 0.0196129 0.0309116 0.0162913 0.0116621 0.0196738 0.0204373 0.0129877 0.00937352 0.0123603 0.0155994 0.0290335 0.012916 0.00957126 0.0160966 0.0125326 0.0113373 0.0110892 0.0252709 0.0193811 0.0115228 0.00616594 0.0140788 0.00860665 0.00519633 0.00603623 0.00797496 0.00635985 0.00406536 0.00474987 0.00552747 0.00571308 0.00608198 0.0129125 0.00965229 0.00784626 0.0130352 0.0158848 0.0148301 0.0229579 0.012992 0.0123399 0.0121087 0.0212337 0.0209404 0.0146763 0.018354 0.0255464 0.0180098 0.026152 0.0182774 0.0155669 0.0280164 0.0284868 0.0309513 0.0156485 0.0142225 0.0134094 0.0171024 0.0394385 0.0212455 0.0127668 0.0116036 0.0160107 0.0129386 
0.00793542 0.00874587 0.00582764 0.00819287 0.00787443 0.00706082 0.0110087 0.00814562 0.0138582 0.0144576 0.0207587 0.0216356 0.022476 0.0116403 0.026348 0.0168784 0.0118401 0.0311999 0.0687547 0.0892377 0.179458 0.0902667 0.0395764 0.0685956 0.184649 0.989369 0.99183 0.99258 0.991044 0.952507 0.970136 0.917698 0.0294777 0.0160727 0.0107669 0.0053907 0.00469006 0.0109291 0.0182139 0.0067552 0.0118545 0.0123478 0.0120406 0.0075188 0.00706902 0.0113534 0.0129781 0.0119738 0.017686 0.0106295 0.00761419 0.0113232 0.0097311 0.015054 0.0160081 0.0142807 0.00890988 0.00722346 0.00812678 0.0090146 0.00653983 0.00784195 0.00525946 0.00763479 0.00606923 0.00587992 0.00722114 0.00744476 0.00843942 0.0208115 0.0259777 0.0172187 0.0143758 0.0142377 0.022674 0.00886884 0.00799357 0.00952776 0.011978 0.0268853 0.0148676 0.00876751 0.0199034 0.0163268 0.0130698 0.0108034 0.0169599 0.0194622 0.0135734 0.0052249 0.0116966 0.00806488 0.00567948 0.00632969 0.00746236 0.00453991 0.00434182 0.00385738 0.00430429 0.00506427 0.00679233 0.00994791 0.0056991 0.00641307 0.00815746 0.0155584 0.00994872 0.0196582 0.0128233 0.014087 0.0131068 0.0196699 0.0163461 0.00922005 0.0187847 0.018155 0.0152031 0.0197892 0.0149713 0.0150317 0.0204291 0.0284467 0.0273521 0.0193972 0.0164366 0.0180524 0.0209734 0.0216962 0.0186183 0.012448 0.0119202 0.0138882 0.0112998 
0.00728918 0.00719138 0.00500841 0.0071105 0.00578583 0.00580721 0.0087695 0.00780771 0.0124362 0.0121426 0.0167637 0.0190758 0.0156221 0.00991278 0.0231975 0.0122612 0.00831468 0.0198054 0.0586541 0.0551037 0.125599 0.040857 0.022182 0.0355981 0.055494 0.300889 0.983458 0.991044 0.991877 0.988638 0.994704 0.976895 0.903192 0.0239965 0.016422 0.00687424 0.00535115 0.0131475 0.015457 0.00471784 0.0101426 0.0107508 0.0101963 0.00630617 0.00544115 0.00948266 0.00860979 0.0073863 0.013346 0.00696796 0.00605973 0.00863524 0.00871156 0.0126778 0.0134885 0.0127182 0.00870762 0.00652708 0.00619492 0.00603698 0.0051846 0.0060576 0.00424437 0.00619988 0.00524141 0.00511623 0.00598304 0.00622995 0.00655346 0.0177988 0.0217924 0.0142418 0.0116377 0.0130424 0.0176623 0.00644154 0.00542285 0.00600954 0.00846686 0.0184201 0.0117132 0.00686679 0.0162697 0.0135948 0.0131989 0.00823181 0.0159693 0.0152406 0.0149825 0.00496479 0.0124044 0.00969507 0.0062703 0.00646781 0.00834345 0.00424112 0.0044851 0.00397512 0.00465933 0.00725552 0.00627401 0.0104795 0.00492404 0.00513081 0.00567062 0.015038 0.00930635 0.0176995 0.0108107 0.0111026 0.0109441 0.0163596 0.0166669 0.00755603 0.0161997 0.0154962 0.0131268 0.0172941 0.0127521 0.014209 0.0176668 0.0251429 0.0227499 0.0153813 0.0146089 0.0128338 0.0157722 0.017394 0.0195634 0.012799 0.0104921 0.00706286 0.00868729 
