0.967239 0.950695 0.966162 0.860075 0.596526 0.349293 0.19551 0.200084 0.153147 0.116077 0.131048 0.0878298 0.0686734 0.0758888 0.0910959 0.0725546 0.0829507 0.112904 0.11959 0.124911 0.106184 0.0818431 0.0604761 0.0528192 0.0516146 0.0603784 0.0509196 0.0525556 0.0561517 0.0722831 0.0720964 0.0690282 0.0463364 0.0563667 0.0502672 0.0410654 0.0450726 0.0656926 0.0760665 0.0710641 0.0816414 0.0878057 0.0753538 0.0538093 0.0453019 0.0480049 0.0453907 0.0509753 0.0731938 0.0585015 0.0680836 0.0774854 0.0987313 0.0882022 0.0944738 0.0829575 0.0728545 0.0492309 0.0491326 0.0448424 0.0409825 0.0405576 0.0449693 0.051219 0.0511412 0.0481629 0.0507407 0.0564304 0.0731741 0.0965149 0.104904 0.0863686 0.0743129 0.102889 0.0812863 0.0526525 0.0443965 0.0472339 0.0619465 0.0786646 0.0802745 0.0674067 0.0751367 0.0824506 0.0944027 0.0799905 0.105802 0.124149 0.103645 0.0615684 0.0683462 0.0568003 0.0374376 0.0376222 0.0450499 0.0337126 0.0298979 0.0320947 0.0465345 0.034463 0.0388086 0.0560813 0.0427018 0.0477443 0.0496775 0.068071 0.0665258 0.0758722 0.0639672 0.0721796 0.0692448 0.100932 0.113659 0.0831631 0.11532 0.114862 0.0990582 0.103652 0.0974205 0.0982803 0.121798 0.118328 0.119569 0.0920922 0.0881218 0.0816339 0.0790142 0.0798535 0.0630618 0.0822506 0.0677386 0.0613477 0.06248 
0.950695 0.960284 0.968265 0.973722 0.932424 0.615495 0.33143 0.271717 0.18728 0.136764 0.107697 0.0744514 0.0625126 0.0557847 0.0655334 0.066991 0.0705185 0.10347 0.11021 0.119939 0.106996 0.0652894 0.0515337 0.0382986 0.0405343 0.0506971 0.0450405 0.0397085 0.0382288 0.0588933 0.0646983 0.0600624 0.0380401 0.0380406 0.036388 0.0321202 0.0352621 0.052417 0.0576836 0.0570294 0.0687252 0.069515 0.0564175 0.04613 0.0364445 0.0373378 0.0419141 0.0440145 0.0565947 0.0490619 0.047392 0.0673768 0.0796774 0.0743166 0.0848635 0.0631053 0.060624 0.0434275 0.0375376 0.0341625 0.0305882 0.0362734 0.0320539 0.0395711 0.0370438 0.0365946 0.0415549 0.0490533 0.0559163 0.0824585 0.0917721 0.0696319 0.0614272 0.094083 0.0835692 0.0531536 0.037914 0.0437905 0.0533214 0.0693796 0.0677363 0.0675387 0.0672805 0.0696084 0.0796242 0.0731448 0.0861176 0.0743227 0.0638232 0.0430646 0.051767 0.0416359 0.0311947 0.0278903 0.033324 0.0263563 0.0234476 0.0248597 0.033644 0.0286158 0.0286452 0.0526058 0.0341296 0.0387354 0.0418775 0.0563106 0.052795 0.0521396 0.0519643 0.0591549 0.0596292 0.0966173 0.0808577 0.0759364 0.0920959 0.0943636 0.0877977 0.0759404 0.0843496 0.0908918 0.0974957 0.110941 0.101604 0.0876686 0.0861733 0.0826206 0.0733607 0.083913 0.0550435 0.054536 0.0509277 0.0443275 0.0450486 
0.966162 0.968265 0.984313 0.974666 0.97914 0.951322 0.716746 0.422872 0.209554 0.124131 0.154624 0.0803614 0.0648245 0.0638526 0.0893247 0.0888282 0.143714 0.213959 0.167477 0.182973 0.118771 0.0721144 0.0607845 0.0484134 0.0445035 0.064298 0.0436609 0.040125 0.0345936 0.0717834 0.0583528 0.0637969 0.0327801 0.0436216 0.0483689 0.0387341 0.0416025 0.062177 0.0813325 0.0657899 0.0921961 0.0950263 0.0860725 0.0723259 0.0447904 0.0561854 0.0537668 0.0491292 0.0735234 0.0535464 0.0642569 0.0761417 0.103904 0.105176 0.0956043 0.0846719 0.0805382 0.0496102 0.0436217 0.0423115 0.0425052 0.044934 0.0399666 0.0453686 0.0391586 0.0516803 0.0664454 0.0574268 0.0535777 0.0944904 0.127599 0.104265 0.115098 0.137794 0.112677 0.0699387 0.0488019 0.0566377 0.0678437 0.0791391 0.0894279 0.0779122 0.0862404 0.0876495 0.108508 0.0871489 0.107615 0.0876396 0.0833938 0.0430105 0.0562518 0.0545723 0.0387981 0.0288716 0.0387349 0.0259378 0.0297144 0.0237868 0.037674 0.0284052 0.0329939 0.0645845 0.0356569 0.0396399 0.0447531 0.0643856 0.0476313 0.0563378 0.0652968 0.0930675 0.0782085 0.0834378 0.102904 0.0804089 0.105299 0.116471 0.106498 0.106506 0.122213 0.115399 0.0984902 0.124043 0.1251 0.135131 0.134695 0.122321 0.110824 0.0917873 0.0601189 0.0495951 0.0474893 0.0437293 0.0447533 
0.860075 0.973722 0.974666 0.972835 0.969805 0.975349 0.957617 0.595337 0.202458 0.121072 0.123106 0.0852558 0.0579287 0.0640253 0.0737542 0.087316 0.219099 0.221575 0.138313 0.129204 0.0863227 0.0598007 0.055521 0.0393234 0.0393443 0.0490637 0.0410772 0.0362434 0.0376748 0.0629407 0.0594917 0.0596246 0.0384081 0.0451046 0.0447174 0.0336929 0.0372501 0.0560187 0.0647691 0.0612678 0.0743814 0.0835833 0.0793943 0.0513382 0.051311 0.0554821 0.0544317 0.052768 0.0695458 0.0563018 0.0487744 0.0712181 0.0972711 0.0903708 0.0817385 0.0684769 0.0672481 0.0447189 0.0402422 0.0399479 0.0327238 0.0365341 0.0311115 0.041435 0.0401197 0.041746 0.0489601 0.0415294 0.0486516 0.0696653 0.0974521 0.084305 0.0980693 0.121563 0.0938934 0.0538975 0.0534201 0.055329 0.0678274 0.0760471 0.0694397 0.0607984 0.0835712 0.089581 0.107383 0.0767398 0.100145 0.0926082 0.0781869 0.0480912 0.0609033 0.0579514 0.0344594 0.0304448 0.0380239 0.0258299 0.026763 0.0249056 0.0415387 0.0289636 0.0284792 0.0446653 0.0264298 0.0329609 0.036063 0.0554245 0.0499996 0.0653047 0.066143 0.0786438 0.0560091 0.0794209 0.0861496 0.0677779 0.0842076 0.101506 0.100424 0.106081 0.111533 0.102242 0.113581 0.131083 0.125148 0.101371 0.100368 0.117506 0.109351 0.0843429 0.0626877 0.0530865 0.0465503 0.0432441 0.0404834 
0.596526 0.932424 0.97914 0.969805 0.976733 0.97254 0.979807 0.940787 0.461662 0.210315 0.200774 0.102932 0.086189 0.0764881 0.104314 0.0576064 0.138975 0.117902 0.100293 0.108206 0.0966234 0.0746026 0.0645909 0.0467275 0.0410021 0.0529085 0.0395423 0.0330901 0.0320954 0.0499588 0.0504887 0.0441445 0.0301506 0.0381256 0.0397805 0.0296697 0.0354335 0.0503982 0.0662088 0.0560935 0.0688678 0.059881 0.0581627 0.0416116 0.0497499 0.0641627 0.0652239 0.054257 0.0641207 0.0515922 0.0444452 0.0638725 0.0824155 0.0754963 0.0672839 0.0596427 0.057678 0.0485763 0.044312 0.0486536 0.0351772 0.0394948 0.0376078 0.0520023 0.0580336 0.043071 0.0502393 0.0456284 0.0539954 0.0711462 0.0835771 0.0681207 0.0686966 0.105283 0.109946 0.0727787 0.0583098 0.0522738 0.0597621 0.0683648 0.0554154 0.0532135 0.073451 0.0767762 0.0756002 0.0680852 0.0885115 0.0917337 0.0633632 0.0456516 0.0663879 0.05386 0.0268055 0.0237993 0.0327754 0.0263764 0.0200677 0.0243511 0.0327857 0.028419 0.0262947 0.0372035 0.0301158 0.0329997 0.0451857 0.0561792 0.0494478 0.0541564 0.0559678 0.0626493 0.0571945 0.0775241 0.0818585 0.0704811 0.0795717 0.0798106 0.0904565 0.0820237 0.0945964 0.102142 0.11743 0.1488 0.126404 0.0995941 0.0843477 0.0985463 0.0931445 0.0762509 0.0649006 0.0589527 0.0495919 0.0466394 0.044945 
0.349293 0.615495 0.951322 0.975349 0.97254 0.972428 0.971713 0.978009 0.927056 0.517355 0.326334 0.138915 0.0993331 0.0826206 0.188088 0.0829886 0.0539769 0.102102 0.105189 0.113491 0.0963463 0.0789559 0.0637813 0.0372208 0.0358958 0.0448943 0.0338719 0.0315976 0.0287996 0.0399058 0.0428002 0.040026 0.0277137 0.0355032 0.0369654 0.0267319 0.0318668 0.0496647 0.0633522 0.0453191 0.0608253 0.0614925 0.0517401 0.0480451 0.0542685 0.0752624 0.062953 0.0533117 0.0552417 0.0408316 0.0419459 0.0559686 0.0916475 0.0737865 0.064288 0.0628812 0.0800487 0.0394065 0.0437257 0.0454174 0.0310404 0.0404038 0.0291314 0.0594158 0.0480017 0.0430076 0.0446699 0.0435591 0.0569101 0.0695797 0.0904052 0.0641313 0.0663773 0.0900101 0.125861 0.0704896 0.0719507 0.0536864 0.0524509 0.0529306 0.0473134 0.0520411 0.0761398 0.0797058 0.0645946 0.0564166 0.0804865 0.0746726 0.0650345 0.0549455 0.0589224 0.0459311 0.0284163 0.0255381 0.0313699 0.0256551 0.0236154 0.0281315 0.0420845 0.0340604 0.0297786 0.0351632 0.0277341 0.034039 0.0415819 0.056227 0.0547701 0.0564858 0.047076 0.0538805 0.0570703 0.0707674 0.0833619 0.0634281 0.0757199 0.0857927 0.0745875 0.0838939 0.0882841 0.106143 0.123951 0.168283 0.115602 0.0945865 0.0909143 0.0980083 0.0879558 0.0646439 0.0605079 0.0597026 0.0502577 0.0407219 0.0464192 
0.19551 0.33143 0.716746 0.957617 0.979807 0.971713 0.981466 0.982604 0.984767 0.963239 0.7541 0.239365 0.105646 0.110359 0.129586 0.0947938 0.0978707 0.124513 0.117538 0.135619 0.095225 0.0755916 0.0563164 0.0434592 0.0446754 0.0449884 0.0304906 0.0325552 0.0295284 0.0399083 0.0403538 0.0402257 0.0279673 0.0372318 0.0386069 0.0364318 0.0404009 0.0691825 0.0763483 0.0590446 0.0635712 0.051947 0.0558754 0.0430137 0.0466383 0.0595067 0.0696063 0.0591787 0.0650937 0.0401373 0.0396996 0.0651098 0.0961376 0.0724494 0.0593469 0.0722141 0.0851723 0.0563287 0.0586629 0.0512023 0.0432763 0.0561695 0.0462127 0.041358 0.0403231 0.0313329 0.0364902 0.0369286 0.0447701 0.0661839 0.0832089 0.0743328 0.0852772 0.13696 0.128039 0.0925043 0.0712232 0.0534186 0.0522984 0.0550873 0.0569767 0.0657319 0.0779615 0.0687456 0.0640261 0.0496056 0.0709619 0.0658034 0.0627951 0.0492855 0.058283 0.0414689 0.0246995 0.0247864 0.0280331 0.0223485 0.0214152 0.0248823 0.0367732 0.0281202 0.0266324 0.0416184 0.0312139 0.0429701 0.044552 0.0561923 0.0447327 0.0495652 0.0420714 0.0518057 0.0548099 0.0662237 0.0824652 0.0767197 0.0830257 0.078351 0.0782759 0.0677791 0.0862654 0.09316 0.0999005 0.120549 0.115084 0.0860583 0.0847579 0.0978582 0.0774797 0.058905 0.0470755 0.0484727 0.0444397 0.0395255 0.0421773 
0.200084 0.271717 0.422872 0.595337 0.940787 0.978009 0.982604 0.986273 0.985 0.986919 0.97135 0.548625 0.160456 0.123787 0.150098 0.108906 0.124885 0.193988 0.158388 0.175806 0.114759 0.0578152 0.0603335 0.0425639 0.0461793 0.0500341 0.0346366 0.0331698 0.0289966 0.0595751 0.0554565 0.0570181 0.0379245 0.0498117 0.0538461 0.0460135 0.046094 0.0742923 0.0822876 0.0547789 0.0681998 0.0685066 0.0666694 0.0605312 0.0517152 0.0700988 0.0675163 0.054521 0.0625764 0.046727 0.0497615 0.060504 0.103167 0.0828174 0.0756411 0.0875211 0.0964598 0.0571388 0.0668772 0.0757489 0.0567344 0.0616698 0.045799 0.0481986 0.0332804 0.035786 0.0471253 0.0419181 0.0403649 0.0711627 0.119828 0.0978066 0.131061 0.169516 0.175336 0.103887 0.062039 0.0555123 0.0502996 0.0644733 0.0748835 0.0796942 0.0888142 0.0795542 0.0733267 0.0603941 0.0901644 0.077261 0.0752039 0.047748 0.0580991 0.0438224 0.0310429 0.0234207 0.0317624 0.0235361 0.0239719 0.0221659 0.0364702 0.0249482 0.0260405 0.0558646 0.0313219 0.0435339 0.04368 0.0529929 0.0396097 0.0458295 0.0528876 0.0778584 0.0682229 0.0767872 0.100846 0.0785744 0.0832288 0.095347 0.0883522 0.0928853 0.115087 0.114127 0.0980918 0.150563 0.124241 0.119065 0.126843 0.125521 0.101108 0.0755077 0.0554451 0.0422011 0.0425131 0.0402598 0.0471288 
0.153147 0.18728 0.209554 0.202458 0.461662 0.927056 0.984767 0.985 0.984634 0.983209 0.986892 0.935941 0.480731 0.229069 0.225666 0.160043 0.168783 0.201309 0.193062 0.153132 0.100335 0.0580301 0.0549379 0.0401706 0.0478481 0.0454211 0.0369716 0.0378459 0.0357267 0.06289 0.0723477 0.0700032 0.0489874 0.0651534 0.0643988 0.0553148 0.0524629 0.0747297 0.075096 0.0569566 0.0688757 0.0656247 0.0673694 0.0574656 0.0522806 0.0822583 0.0819928 0.0703074 0.0765314 0.0519416 0.0555801 0.0583333 0.0816189 0.0859334 0.0801224 0.0891563 0.0887023 0.0603572 0.068577 0.0654261 0.0554289 0.0538511 0.042572 0.0463541 0.0367478 0.0370426 0.0394551 0.0393089 0.0421242 0.0736722 0.101187 0.0902309 0.113894 0.13496 0.13399 0.107442 0.0732969 0.0702623 0.0616311 0.0726386 0.0698949 0.0768353 0.0752711 0.0780756 0.0702576 0.067518 0.0933881 0.087212 0.0807627 0.0553074 0.0752237 0.053552 0.0322564 0.0283846 0.0360504 0.0263363 0.0266489 0.0261123 0.0417224 0.0281213 0.0303048 0.043697 0.0327463 0.0434341 0.0427204 0.0544736 0.0426435 0.0547552 0.0558907 0.0650443 0.0683588 0.0821039 0.106211 0.0910188 0.0902841 0.0946772 0.0905891 0.094595 0.0967609 0.0957421 0.0992978 0.148154 0.138105 0.11655 0.118723 0.114303 0.0930265 0.074293 0.0591133 0.0508207 0.0489558 0.0438891 0.0550042 
0.116077 0.136764 0.124131 0.121072 0.210315 0.517355 0.963239 0.986919 0.983209 0.982353 0.986221 0.984401 0.957104 0.690516 0.459701 0.27339 0.244893 0.275981 0.213681 0.143969 0.0845552 0.0579577 0.0497629 0.0493085 0.0445593 0.0502803 0.0365285 0.0468295 0.0522988 0.084537 0.0945801 0.0933958 0.0591037 0.0717712 0.0791068 0.0650247 0.0571039 0.0783294 0.0827863 0.0615217 0.0807405 0.071228 0.0774072 0.0658947 0.0616381 0.075912 0.0926909 0.0825789 0.0839362 0.0628494 0.057127 0.0685386 0.0983642 0.0955511 0.0863583 0.09815 0.103653 0.0721677 0.0773005 0.0628859 0.0520268 0.0509028 0.0406929 0.039288 0.0406535 0.0331901 0.0352451 0.0365298 0.0428461 0.0846442 0.10553 0.101352 0.1348 0.167836 0.131983 0.106011 0.0756335 0.0761806 0.0647264 0.0721099 0.0822936 0.0810635 0.0952546 0.086555 0.0865285 0.0799589 0.0978258 0.0955725 0.0951172 0.0646519 0.0760682 0.061007 0.0381926 0.0384765 0.0428959 0.030874 0.0309141 0.0307832 0.042816 0.0298905 0.0346293 0.0446846 0.0339869 0.0446584 0.0510894 0.0579638 0.0501698 0.0700236 0.0607396 0.0629801 0.0794325 0.0948333 0.110583 0.0998786 0.106226 0.102439 0.108612 0.0940333 0.0996512 0.112987 0.112032 0.129242 0.145982 0.120694 0.131647 0.131779 0.107756 0.0810693 0.0619373 0.0569823 0.0640231 0.0581207 0.0654192 
0.131048 0.107697 0.154624 0.123106 0.200774 0.326334 0.7541 0.97135 0.986892 0.986221 0.986726 0.987252 0.987754 0.977406 0.930853 0.672342 0.533164 0.561393 0.35656 0.20416 0.0967361 0.059343 0.0528188 0.0530235 0.0567572 0.0743508 0.0501822 0.0743988 0.117112 0.244808 0.207058 0.213949 0.123443 0.216924 0.20924 0.0960129 0.0822629 0.11845 0.125172 0.0999811 0.155097 0.16403 0.175937 0.13596 0.109205 0.136745 0.100137 0.0864545 0.113631 0.0749103 0.0770424 0.101096 0.161502 0.159602 0.152347 0.165854 0.178948 0.0887451 0.0871904 0.070753 0.0601391 0.0597293 0.0441379 0.0461344 0.0371559 0.0387679 0.0506355 0.0516094 0.0633078 0.126856 0.187752 0.2026 0.223748 0.225186 0.173533 0.0947847 0.0693888 0.0721623 0.0869653 0.116627 0.153541 0.135586 0.207521 0.221514 0.178134 0.126721 0.164174 0.149689 0.177604 0.101228 0.124943 0.141194 0.072905 0.0761147 0.111626 0.055181 0.0474122 0.0427093 0.0711228 0.0393865 0.0441088 0.0644123 0.0422299 0.0466459 0.0549623 0.0862325 0.071853 0.150698 0.158285 0.161993 0.121575 0.133522 0.155656 0.118937 0.158094 0.174636 0.188686 0.177171 0.208134 0.212018 0.181261 0.213848 0.229557 0.272492 0.299637 0.26823 0.211955 0.139616 0.0892492 0.0721725 0.0904283 0.0932067 0.107346 
0.0878298 0.0744514 0.0803614 0.0852558 0.102932 0.138915 0.239365 0.548625 0.935941 0.984401 0.987252 0.982305 0.984315 0.98643 0.982986 0.859777 0.591283 0.427946 0.199884 0.0859253 0.0559939 0.0470571 0.0429326 0.0497497 0.0429464 0.0585881 0.0415538 0.0758586 0.115039 0.138333 0.115532 0.120019 0.0653292 0.104681 0.0970439 0.0572953 0.0536956 0.075759 0.0844131 0.0580684 0.0920482 0.108388 0.109128 0.078393 0.0613429 0.0802994 0.0768746 0.0760882 0.09452 0.0652657 0.0676272 0.0693651 0.0928859 0.0928057 0.0903676 0.102478 0.0916341 0.0586551 0.0622459 0.0505919 0.0433172 0.0379369 0.0340376 0.0381662 0.0335589 0.0379485 0.0449532 0.0485924 0.0551718 0.0844726 0.119274 0.120251 0.122514 0.14042 0.113472 0.0828499 0.0611707 0.0650477 0.0723719 0.0974484 0.112805 0.0898159 0.111208 0.123076 0.112895 0.0863919 0.14821 0.124486 0.118024 0.0714035 0.0815889 0.0878698 0.0502383 0.0480033 0.0633946 0.0359957 0.0353059 0.0313697 0.0433246 0.0305169 0.0365032 0.0432982 0.0341641 0.0427631 0.0481898 0.0749859 0.0640338 0.0852598 0.086979 0.0809138 0.0924557 0.10765 0.144284 0.113583 0.124141 0.135937 0.135068 0.129184 0.134452 0.138645 0.136722 0.151092 0.13451 0.176437 0.194292 0.16621 0.126222 0.0994712 0.0827162 0.0787735 0.0760931 0.0687365 0.101788 
0.0686734 0.0625126 0.0648245 0.0579287 0.086189 0.0993331 0.105646 0.160456 0.480731 0.957104 0.987754 0.984315 0.985434 0.98347 0.988895 0.968431 0.82088 0.394541 0.139047 0.0596211 0.0613598 0.0378996 0.0328015 0.034707 0.0342833 0.0462214 0.0556469 0.0981046 0.100189 0.0939246 0.106622 0.0898133 0.064878 0.0700624 0.0698163 0.0470417 0.0478878 0.0583565 0.0604188 0.0477301 0.0634061 0.0803575 0.078215 0.0622832 0.0554747 0.061803 0.0683701 0.0674522 0.0699117 0.0565862 0.0533276 0.0606565 0.0618643 0.0667417 0.0823475 0.0670624 0.0676098 0.0524689 0.0490909 0.0409709 0.0307447 0.0308408 0.0264139 0.0275138 0.027626 0.028811 0.0385267 0.0436584 0.0525696 0.0757408 0.0984101 0.0813569 0.0834659 0.107084 0.0954998 0.0750441 0.0532634 0.0603898 0.0667199 0.086312 0.074194 0.0716129 0.0932311 0.0875 0.0855334 0.09066 0.128082 0.112796 0.0872365 0.0571681 0.0706019 0.0600482 0.041429 0.0387767 0.0480198 0.0313147 0.0262621 0.0266596 0.0333573 0.0295681 0.0302931 0.042192 0.0311533 0.0337144 0.0442492 0.0580316 0.0590408 0.0734925 0.0729864 0.070016 0.0832611 0.104796 0.115561 0.112436 0.10576 0.112568 0.115348 0.111091 0.114507 0.125211 0.12365 0.131779 0.127507 0.127391 0.152679 0.110325 0.0995553 0.101349 0.0811238 0.0717678 0.0704898 0.0610424 0.0762728 
0.0758888 0.0557847 0.0638526 0.0640253 0.0764881 0.0826206 0.110359 0.123787 0.229069 0.690516 0.977406 0.98643 0.98347 0.980599 0.985687 0.985057 0.961719 0.671982 0.153328 0.0741227 0.0425917 0.0339568 0.0306338 0.0450588 0.0426158 0.0670095 0.0766504 0.0570711 0.0616739 0.0985737 0.0888832 0.0915888 0.0551795 0.0810514 0.0803715 0.0521976 0.049294 0.0650169 0.073587 0.0614154 0.0914404 0.114417 0.107719 0.0762441 0.0656132 0.0850466 0.0838417 0.077969 0.0895895 0.0587176 0.0582533 0.0596755 0.0766764 0.0862708 0.0898772 0.0836931 0.0863569 0.0592644 0.0592573 0.0480381 0.0367658 0.037458 0.0334022 0.0364919 0.0339692 0.0392056 0.0455059 0.045034 0.0570995 0.081926 0.112367 0.0942586 0.103659 0.129207 0.120053 0.0850807 0.0717538 0.0742296 0.0830807 0.0934187 0.0986311 0.0913244 0.115442 0.111898 0.128092 0.110518 0.156321 0.125402 0.101508 0.0681129 0.0831975 0.0811347 0.0472212 0.0430546 0.0615547 0.0372628 0.0337021 0.034815 0.055281 0.0380214 0.0401786 0.0480177 0.0340059 0.0402453 0.0460815 0.0735258 0.0684434 0.0801845 0.0834426 0.084334 0.0862074 0.107383 0.128993 0.107432 0.118211 0.126689 0.126512 0.12864 0.121242 0.130182 0.138713 0.149315 0.130563 0.145815 0.149774 0.143377 0.134691 0.129012 0.0992935 0.0831452 0.0711564 0.0672149 0.0921027 
0.0910959 0.0655334 0.0893247 0.0737542 0.104314 0.188088 0.129586 0.150098 0.225666 0.459701 0.930853 0.982986 0.988895 0.985687 0.986347 0.985203 0.989749 0.975748 0.410913 0.137059 0.0575788 0.0407896 0.0370085 0.0424123 0.0503406 0.086938 0.0976454 0.0923853 0.0966401 0.178322 0.186757 0.175064 0.115699 0.171374 0.168134 0.0774627 0.0732086 0.107367 0.125511 0.126412 0.196594 0.228041 0.22861 0.132504 0.124823 0.148179 0.108244 0.0926255 0.117717 0.0796673 0.0599636 0.0799466 0.130759 0.165117 0.173826 0.163221 0.143918 0.0917547 0.0709954 0.0629522 0.050043 0.0517189 0.0415103 0.0472868 0.0457343 0.0478588 0.059274 0.0588011 0.0777819 0.113934 0.163635 0.190404 0.203991 0.198022 0.164961 0.0922895 0.0844121 0.0815032 0.10275 0.138355 0.161725 0.134476 0.201386 0.210043 0.236612 0.179357 0.196481 0.189087 0.168579 0.0971176 0.135423 0.168481 0.0811477 0.0755827 0.114977 0.0620376 0.0541287 0.0594471 0.108623 0.0695516 0.0566512 0.0750112 0.044243 0.0459176 0.0588114 0.0997423 0.0909927 0.136791 0.14965 0.158964 0.119109 0.160466 0.153395 0.12523 0.146861 0.168181 0.183649 0.178083 0.19338 0.198192 0.199743 0.237205 0.268968 0.21412 0.212349 0.262975 0.241359 0.218852 0.135952 0.124276 0.148092 0.111009 0.0829064 
0.0725546 0.066991 0.0888282 0.087316 0.0576064 0.0829886 0.0947938 0.108906 0.160043 0.27339 0.672342 0.859777 0.968431 0.985057 0.985203 0.984722 0.981735 0.987637 0.903065 0.130941 0.0468921 0.0404373 0.0388148 0.0364663 0.0433159 0.0847637 0.0825465 0.0755516 0.0801854 0.128972 0.145374 0.124033 0.0826403 0.105231 0.110876 0.0623524 0.0717614 0.0941425 0.119984 0.107083 0.164032 0.154342 0.161939 0.115202 0.122245 0.154506 0.0886903 0.074989 0.101682 0.0689702 0.0528655 0.0724948 0.108582 0.13182 0.124427 0.12369 0.10906 0.0864702 0.0705771 0.0652263 0.0527109 0.0495878 0.0471562 0.0510982 0.0577045 0.0490361 0.0553706 0.0582739 0.0730501 0.109785 0.12128 0.130032 0.141703 0.175763 0.15832 0.0956888 0.0762871 0.0729135 0.0821422 0.119326 0.119175 0.116847 0.148363 0.165298 0.172641 0.140948 0.153668 0.151594 0.1205 0.083706 0.0966115 0.107244 0.0573461 0.0512442 0.0794481 0.0491967 0.0441681 0.0543898 0.0709148 0.0609343 0.0484235 0.0555787 0.0451153 0.0454968 0.0559751 0.0925588 0.0831458 0.096527 0.108591 0.116249 0.108033 0.128213 0.123616 0.0916665 0.119716 0.114553 0.143796 0.124622 0.140236 0.16366 0.177592 0.207355 0.192447 0.178619 0.173061 0.191958 0.211681 0.17564 0.12969 0.131754 0.123827 0.104032 0.0902108 
0.0829507 0.0705185 0.143714 0.219099 0.138975 0.0539769 0.0978707 0.124885 0.168783 0.244893 0.533164 0.591283 0.82088 0.961719 0.989749 0.981735 0.979636 0.988199 0.988384 0.898503 0.0856659 0.0448065 0.0391927 0.0313913 0.0482727 0.106939 0.0945315 0.0912385 0.0870428 0.157054 0.156726 0.157019 0.0889563 0.145626 0.154789 0.0733577 0.0702518 0.107965 0.174541 0.133019 0.252792 0.219445 0.229161 0.222258 0.201712 0.218361 0.103019 0.0645427 0.0927797 0.0502396 0.0437048 0.0650048 0.14908 0.225261 0.192991 0.217009 0.199937 0.0916512 0.0726845 0.056 0.0487521 0.0464505 0.036429 0.0501702 0.0493152 0.0426749 0.0452673 0.058909 0.0819338 0.129614 0.147088 0.185693 0.214151 0.204895 0.178671 0.0832733 0.0734097 0.0567869 0.0618524 0.0935576 0.154252 0.148495 0.186696 0.239876 0.231185 0.162661 0.147629 0.133965 0.149175 0.108894 0.107138 0.110229 0.0625516 0.0511674 0.0900742 0.0419935 0.0568431 0.0665583 0.0917315 0.0614437 0.0483325 0.053762 0.0356415 0.0506442 0.0564921 0.105576 0.0928497 0.106926 0.146248 0.145531 0.120408 0.125383 0.122849 0.0745196 0.113747 0.113276 0.134916 0.125696 0.136952 0.185375 0.209492 0.219223 0.175827 0.212835 0.251144 0.302112 0.327506 0.252816 0.134764 0.121664 0.0997896 0.0797299 0.0871881 
0.112904 0.10347 0.213959 0.221575 0.117902 0.102102 0.124513 0.193988 0.201309 0.275981 0.561393 0.427946 0.394541 0.671982 0.975748 0.987637 0.988199 0.993052 0.992983 0.992744 0.907165 0.135892 0.0884479 0.0813928 0.136298 0.340627 0.167224 0.186278 0.219841 0.479881 0.332333 0.388773 0.170164 0.419963 0.430244 0.171299 0.132993 0.255955 0.338237 0.320473 0.470746 0.422181 0.440165 0.315303 0.275869 0.363154 0.119586 0.0752075 0.143152 0.0596989 0.0576732 0.0983389 0.283437 0.433641 0.349403 0.425107 0.342797 0.160207 0.0861145 0.0700402 0.0664526 0.0670784 0.0509759 0.0531528 0.0467798 0.0414908 0.0561771 0.0831564 0.0993471 0.225716 0.279731 0.460867 0.442841 0.317197 0.231153 0.0934368 0.0730036 0.0628074 0.0829441 0.150503 0.338445 0.273834 0.394804 0.493012 0.45364 0.214763 0.214609 0.17742 0.271674 0.131519 0.169653 0.264811 0.103331 0.088562 0.226461 0.0777093 0.0823293 0.0769163 0.148407 0.0700767 0.0564013 0.100227 0.0555568 0.0607645 0.0743405 0.182636 0.115762 0.239839 0.36887 0.351149 0.172422 0.157703 0.149541 0.0975941 0.193562 0.185635 0.272711 0.206508 0.2762 0.329035 0.253799 0.26617 0.307236 0.453432 0.534722 0.558419 0.548704 0.386441 0.128875 0.119401 0.107754 0.104851 0.118571 
0.11959 0.11021 0.167477 0.138313 0.100293 0.105189 0.117538 0.158388 0.193062 0.213681 0.35656 0.199884 0.139047 0.153328 0.410913 0.903065 0.988384 0.992983 0.991783 0.993263 0.984304 0.908345 0.530057 0.281764 0.368206 0.635617 0.332881 0.317603 0.317471 0.555108 0.424571 0.453979 0.21329 0.438707 0.422359 0.188785 0.158582 0.310194 0.339159 0.311787 0.458623 0.455017 0.47722 0.294019 0.233176 0.318357 0.109397 0.0821811 0.16617 0.072434 0.0792337 0.133859 0.350237 0.455035 0.397843 0.42805 0.333866 0.168234 0.0900047 0.0676926 0.0651339 0.0593819 0.0495673 0.0539696 0.0487173 0.0525237 0.0719061 0.0917349 0.11305 0.283843 0.337699 0.457313 0.485274 0.320278 0.207676 0.0841337 0.0654422 0.068829 0.109295 0.199859 0.386088 0.309647 0.418415 0.475146 0.465102 0.243193 0.235379 0.206559 0.298262 0.11314 0.189441 0.259648 0.110286 0.0855929 0.211657 0.077775 0.0763216 0.0620878 0.177266 0.072073 0.061368 0.115904 0.0607385 0.0684805 0.0784571 0.183167 0.138424 0.295404 0.383866 0.350894 0.176308 0.163975 0.16392 0.109793 0.233551 0.225236 0.292094 0.241363 0.30019 0.309795 0.269353 0.303857 0.353666 0.516709 0.575949 0.604259 0.506084 0.320952 0.125491 0.120122 0.113855 0.11462 0.126311 
0.124911 0.119939 0.182973 0.129204 0.108206 0.113491 0.135619 0.175806 0.153132 0.143969 0.20416 0.0859253 0.0596211 0.0741227 0.137059 0.130941 0.898503 0.992744 0.993263 0.993161 0.990092 0.983456 0.960042 0.868419 0.721471 0.842624 0.47533 0.412438 0.387766 0.574892 0.413012 0.439696 0.190547 0.438302 0.399221 0.16895 0.172266 0.295109 0.328394 0.238173 0.363935 0.345563 0.384057 0.230782 0.152508 0.247319 0.0824417 0.0750291 0.165297 0.0734419 0.10056 0.154622 0.316709 0.398071 0.320818 0.390759 0.285647 0.153141 0.0948449 0.0704742 0.0739951 0.0590111 0.0543063 0.0559233 0.0490339 0.0571578 0.0760781 0.115263 0.116067 0.277298 0.303038 0.397695 0.38934 0.240371 0.181257 0.0946338 0.0674789 0.0734419 0.111292 0.185826 0.357072 0.26559 0.343494 0.383401 0.355418 0.185757 0.237368 0.188671 0.265078 0.0833108 0.140028 0.20914 0.080226 0.068843 0.16639 0.0604567 0.0650506 0.0569032 0.162589 0.063181 0.0704874 0.165982 0.0716321 0.0741303 0.0788211 0.193552 0.113816 0.252155 0.330857 0.304186 0.162249 0.159424 0.189204 0.117119 0.231757 0.229822 0.282191 0.238212 0.279262 0.313139 0.2537 0.296806 0.377519 0.494694 0.544418 0.568928 0.435396 0.275559 0.122743 0.127003 0.125658 0.122242 0.132841 
0.106184 0.106996 0.118771 0.0863227 0.0966234 0.0963463 0.095225 0.114759 0.100335 0.0845552 0.0967361 0.0559939 0.0613598 0.0425917 0.0575788 0.0468921 0.0856659 0.907165 0.984304 0.990092 0.990442 0.98844 0.984564 0.968066 0.908832 0.864811 0.546835 0.392284 0.33461 0.4925 0.426008 0.331998 0.191829 0.261852 0.235395 0.161671 0.138484 0.216315 0.182385 0.181175 0.189818 0.21279 0.199796 0.128365 0.105373 0.123861 0.0920867 0.0953122 0.126994 0.0981101 0.108869 0.142358 0.203789 0.217715 0.234322 0.192952 0.176897 0.115381 0.0900107 0.0639869 0.0526221 0.0571339 0.0604084 0.0565798 0.0565431 0.0623551 0.0925881 0.106708 0.137117 0.193278 0.250202 0.235369 0.206681 0.214409 0.158889 0.103909 0.0743444 0.094042 0.114808 0.175122 0.177996 0.187605 0.202715 0.207565 0.204409 0.161479 0.206204 0.190022 0.174506 0.0880287 0.131542 0.13648 0.0641665 0.066349 0.104368 0.0624969 0.0522887 0.0501851 0.0883994 0.0612886 0.0661275 0.141953 0.0870101 0.0889915 0.0922604 0.137247 0.142319 0.212111 0.221085 0.192338 0.134756 0.176685 0.186198 0.160334 0.181984 0.202016 0.215619 0.194095 0.236225 0.228583 0.23926 0.278037 0.370996 0.429872 0.367989 0.327148 0.257564 0.213145 0.114578 0.137145 0.112688 0.105993 0.10089 
0.0818431 0.0652894 0.0721144 0.0598007 0.0746026 0.0789559 0.0755916 0.0578152 0.0580301 0.0579577 0.059343 0.0470571 0.0378996 0.0339568 0.0407896 0.0404373 0.0448065 0.135892 0.908345 0.983456 0.98844 0.981385 0.981751 0.985515 0.971635 0.890627 0.494386 0.303706 0.209211 0.24385 0.202973 0.190966 0.0978902 0.13324 0.124962 0.115346 0.0848729 0.134294 0.117656 0.108271 0.102938 0.10107 0.0838285 0.0551864 0.0456096 0.0539914 0.0660975 0.078195 0.0840422 0.0651969 0.0768805 0.0907585 0.108966 0.10438 0.0991961 0.0942409 0.104534 0.0836406 0.085939 0.060494 0.042314 0.053638 0.0568915 0.0576199 0.0382332 0.0521107 0.0627063 0.06137 0.0648926 0.101049 0.131225 0.106243 0.0880669 0.106004 0.129773 0.0899762 0.0478297 0.0712995 0.0864035 0.0948861 0.0952069 0.111232 0.10835 0.101203 0.0972196 0.0868265 0.136773 0.106978 0.079913 0.0399378 0.0706835 0.0632144 0.0348351 0.0377965 0.0565468 0.042706 0.0321284 0.0241001 0.0481112 0.0279102 0.0424421 0.0902891 0.0645146 0.0823143 0.0731259 0.0906386 0.0632937 0.108125 0.101125 0.0801674 0.079567 0.107108 0.127308 0.119403 0.12758 0.134199 0.139379 0.135872 0.13631 0.135101 0.132075 0.209582 0.315782 0.282115 0.19456 0.146817 0.1554 0.167534 0.080288 0.0660054 0.0628334 0.0664632 0.0685382 
0.0604761 0.0515337 0.0607845 0.055521 0.0645909 0.0637813 0.0563164 0.0603335 0.0549379 0.0497629 0.0528188 0.0429326 0.0328015 0.0306338 0.0370085 0.0388148 0.0391927 0.0884479 0.530057 0.960042 0.984564 0.981751 0.980981 0.978706 0.986244 0.979223 0.691552 0.340882 0.167465 0.182175 0.168484 0.155577 0.0916794 0.13452 0.12914 0.0984107 0.081257 0.111305 0.0980145 0.0765821 0.0774448 0.0703442 0.0606269 0.0420273 0.0422286 0.0564021 0.0659835 0.070237 0.0756157 0.0608233 0.0662328 0.0783432 0.108726 0.088127 0.0858362 0.0954901 0.105396 0.0732917 0.0726568 0.0540235 0.0439718 0.0428806 0.0486489 0.0441236 0.0430737 0.0471943 0.0477185 0.0462285 0.0592228 0.0849795 0.112248 0.0883693 0.0910366 0.127081 0.115884 0.090351 0.0612547 0.0686434 0.0726249 0.0836192 0.0807237 0.0915686 0.0916378 0.0867888 0.0809653 0.0789126 0.116414 0.0950485 0.0749252 0.0461495 0.0682118 0.0575097 0.0338701 0.0363886 0.0463455 0.0366755 0.0287223 0.0277456 0.050737 0.0303619 0.0402134 0.0606439 0.0463396 0.0625766 0.0651233 0.0767276 0.0648482 0.0815296 0.0689649 0.0654731 0.0723992 0.102476 0.11832 0.102084 0.111989 0.120423 0.116714 0.117727 0.115691 0.125758 0.14099 0.135168 0.176193 0.146575 0.116884 0.129713 0.123029 0.115337 0.0653859 0.0597738 0.0605297 0.0603043 0.0594922 
0.0528192 0.0382986 0.0484134 0.0393234 0.0467275 0.0372208 0.0434592 0.0425639 0.0401706 0.0493085 0.0530235 0.0497497 0.034707 0.0450588 0.0424123 0.0364663 0.0313913 0.0813928 0.281764 0.868419 0.968066 0.985515 0.978706 0.977867 0.979868 0.987497 0.969834 0.765737 0.324771 0.243657 0.17181 0.158442 0.0857577 0.126858 0.124446 0.0734713 0.0604699 0.0865931 0.0749926 0.048025 0.0557452 0.0599669 0.0524956 0.0384784 0.0445328 0.0624318 0.0625592 0.0593321 0.0633707 0.0522212 0.0510978 0.0573932 0.0870319 0.0750763 0.0819245 0.085511 0.0876212 0.048742 0.0548272 0.0477833 0.0319581 0.0390301 0.0320269 0.0396643 0.0432693 0.0411596 0.044005 0.0369225 0.0594366 0.0668475 0.100216 0.0762143 0.0876964 0.117589 0.109881 0.0760417 0.062519 0.0581497 0.0622099 0.0797365 0.0820244 0.0832243 0.0903591 0.0845484 0.0864564 0.0826939 0.121415 0.103285 0.0766392 0.0585613 0.0671645 0.0606212 0.0349661 0.038288 0.0487706 0.0302898 0.0280999 0.0317402 0.0540857 0.0347002 0.0365432 0.0483743 0.032189 0.0503749 0.0506638 0.070258 0.0697245 0.0700347 0.0711029 0.063001 0.0715308 0.103262 0.123775 0.0927232 0.0917065 0.11829 0.112585 0.121721 0.108107 0.146787 0.199894 0.154948 0.121319 0.0946878 0.0913685 0.112206 0.116247 0.10926 0.0772669 0.0702638 0.0618273 0.0596433 0.0510371 
0.0516146 0.0405343 0.0445035 0.0393443 0.0410021 0.0358958 0.0446754 0.0461793 0.0478481 0.0445593 0.0567572 0.0429464 0.0342833 0.0426158 0.0503406 0.0433159 0.0482727 0.136298 0.368206 0.721471 0.908832 0.971635 0.986244 0.979868 0.978978 0.987726 0.986175 0.974349 0.803191 0.561772 0.351078 0.286984 0.13936 0.183642 0.175695 0.0920973 0.0608301 0.0823871 0.0687469 0.0394694 0.0482178 0.0481739 0.0540075 0.0486272 0.0528518 0.0738874 0.0629859 0.0605857 0.0699287 0.0503844 0.0509256 0.0574359 0.0790333 0.0857325 0.0919375 0.108103 0.0892341 0.0509809 0.0431748 0.0506973 0.0357315 0.0379134 0.0319354 0.0430087 0.0432627 0.041963 0.0405259 0.0422034 0.0592058 0.0893709 0.0977939 0.0862244 0.0964177 0.121644 0.12031 0.0794226 0.0658717 0.0622231 0.0582633 0.0757306 0.0882123 0.0638518 0.0878289 0.0841944 0.0910112 0.0865341 0.116912 0.102421 0.0937857 0.0688901 0.070752 0.0731836 0.0419578 0.0398416 0.0556519 0.0310268 0.0345429 0.0412632 0.0643491 0.0449789 0.0383189 0.0414421 0.0308367 0.0375089 0.0513492 0.0801894 0.0743021 0.0879964 0.087333 0.0850945 0.0810435 0.10164 0.107956 0.0833207 0.104887 0.111329 0.138181 0.127165 0.152015 0.170046 0.200132 0.172021 0.137352 0.105188 0.106191 0.128125 0.147588 0.110673 0.0812423 0.0773745 0.0663441 0.0647159 0.0637596 
0.0603784 0.0506971 0.064298 0.0490637 0.0529085 0.0448943 0.0449884 0.0500341 0.0454211 0.0502803 0.0743508 0.0585881 0.0462214 0.0670095 0.086938 0.0847637 0.106939 0.340627 0.635617 0.842624 0.864811 0.890627 0.979223 0.987497 0.987726 0.984118 0.98645 0.98871 0.983345 0.98114 0.936187 0.811805 0.517098 0.564847 0.400427 0.152532 0.0922295 0.117596 0.104391 0.0653012 0.0935866 0.0958154 0.113255 0.0804663 0.0890129 0.135787 0.0808555 0.0771066 0.100667 0.0660549 0.0604737 0.0778443 0.131491 0.148513 0.175127 0.197421 0.162607 0.0882644 0.0715226 0.0511314 0.0408348 0.0433103 0.0360801 0.0396829 0.0370572 0.0429526 0.0547748 0.0533225 0.0784859 0.123227 0.189682 0.173535 0.199146 0.178912 0.128772 0.0745417 0.0544617 0.0618008 0.0646643 0.11589 0.173845 0.135651 0.176173 0.183006 0.189555 0.136061 0.165103 0.148288 0.167923 0.0982172 0.12667 0.16468 0.07634 0.0811388 0.152252 0.0662222 0.0624085 0.0643937 0.111606 0.0551903 0.05105 0.0886487 0.0612867 0.0658044 0.0754177 0.109125 0.0925155 0.142545 0.176359 0.184957 0.119351 0.144249 0.150801 0.114696 0.148008 0.191133 0.211527 0.194067 0.24841 0.232557 0.201133 0.186762 0.176413 0.202665 0.233622 0.282653 0.246782 0.169476 0.100453 0.0886189 0.0814793 0.0939196 0.12165 
0.0509196 0.0450405 0.0436609 0.0410772 0.0395423 0.0338719 0.0304906 0.0346366 0.0369716 0.0365285 0.0501822 0.0415538 0.0556469 0.0766504 0.0976454 0.0825465 0.0945315 0.167224 0.332881 0.47533 0.546835 0.494386 0.691552 0.969834 0.986175 0.98645 0.982997 0.982834 0.975837 0.989426 0.983226 0.972051 0.822146 0.635693 0.305825 0.0889324 0.0563247 0.051954 0.0402003 0.0343967 0.0431017 0.0428531 0.0612596 0.0460109 0.0432021 0.0580847 0.0518927 0.0569651 0.065564 0.0457955 0.0454195 0.063048 0.0712598 0.0802379 0.0898375 0.0976763 0.082843 0.0530171 0.048777 0.0364713 0.030036 0.0312938 0.0302229 0.0325938 0.0307728 0.0348335 0.047854 0.0515999 0.0583044 0.0908609 0.112464 0.0935077 0.0818068 0.097847 0.0798303 0.0593154 0.0413937 0.0489536 0.0568191 0.0774998 0.0750547 0.0738125 0.0836596 0.102914 0.0947261 0.0870246 0.131289 0.107643 0.0900507 0.0548892 0.0734048 0.0765034 0.0460071 0.0443032 0.0704404 0.0435658 0.037585 0.0323842 0.0431564 0.0296991 0.0346837 0.0572826 0.0487853 0.0468217 0.0505052 0.0718651 0.0571783 0.0803617 0.0940264 0.0875022 0.0961014 0.103646 0.1107 0.104001 0.117998 0.125596 0.13648 0.123784 0.140144 0.138668 0.123811 0.120141 0.128542 0.13475 0.130048 0.115741 0.116595 0.111496 0.0812372 0.0702549 0.0721276 0.0953365 0.119475 
0.0525556 0.0397085 0.040125 0.0362434 0.0330901 0.0315976 0.0325552 0.0331698 0.0378459 0.0468295 0.0743988 0.0758586 0.0981046 0.0570711 0.0923853 0.0755516 0.0912385 0.186278 0.317603 0.412438 0.392284 0.303706 0.340882 0.765737 0.974349 0.98871 0.982834 0.981242 0.985665 0.987175 0.98082 0.988709 0.970764 0.935918 0.748395 0.224678 0.0665171 0.0384971 0.0334088 0.0282129 0.0426626 0.0559147 0.0632803 0.0468971 0.0416481 0.0577837 0.052265 0.0497068 0.0600083 0.0452209 0.0441517 0.0514842 0.0766853 0.0833754 0.100155 0.0988108 0.0910364 0.0553082 0.0523509 0.0405409 0.0304519 0.0334455 0.0317867 0.0369355 0.0341274 0.0387935 0.0464675 0.0438963 0.0592461 0.0801212 0.114765 0.0915909 0.0874188 0.103429 0.090509 0.0614013 0.047084 0.0481605 0.0590427 0.0793234 0.0755448 0.0789597 0.0946472 0.1098 0.119489 0.103844 0.158064 0.126293 0.0984472 0.0619973 0.0754255 0.0867795 0.0481534 0.0497832 0.0722739 0.0451706 0.0394593 0.0353238 0.0541235 0.0346527 0.0390015 0.0572872 0.0413775 0.04699 0.0457695 0.0714066 0.0609552 0.0719448 0.0859146 0.0862357 0.0875865 0.107498 0.132691 0.0991645 0.108162 0.129116 0.130935 0.127164 0.120583 0.130873 0.127829 0.124793 0.112668 0.133041 0.139352 0.139543 0.148961 0.129493 0.0922042 0.0769641 0.0659464 0.0821 0.104534 
0.0561517 0.0382288 0.0345936 0.0376748 0.0320954 0.0287996 0.0295284 0.0289966 0.0357267 0.0522988 0.117112 0.115039 0.100189 0.0616739 0.0966401 0.0801854 0.0870428 0.219841 0.317471 0.387766 0.33461 0.209211 0.167465 0.324771 0.803191 0.983345 0.975837 0.985665 0.973176 0.982623 0.98712 0.989608 0.98242 0.982145 0.953995 0.808336 0.186735 0.0687693 0.0410433 0.0336366 0.0519795 0.0663639 0.0627107 0.0431151 0.0399839 0.0588882 0.0443265 0.0411824 0.0616402 0.040122 0.0396096 0.0420958 0.0763269 0.0899661 0.103109 0.109298 0.0942731 0.0545683 0.0464762 0.0379482 0.0316016 0.0341054 0.0305608 0.0371812 0.0352757 0.0370382 0.042551 0.0446035 0.0561578 0.0924188 0.118969 0.102207 0.1106 0.106267 0.0973305 0.054121 0.0436022 0.0424846 0.0482081 0.0785806 0.0872191 0.0833194 0.101221 0.116595 0.132347 0.104334 0.154448 0.139859 0.129736 0.0810895 0.0936915 0.109559 0.0583129 0.05618 0.0881057 0.0458237 0.0432998 0.0425301 0.0660549 0.0421329 0.0419503 0.0591517 0.0373493 0.0434222 0.0453706 0.0778417 0.0623642 0.0919001 0.0908582 0.0889574 0.0876001 0.12302 0.143515 0.0920479 0.122104 0.133707 0.134433 0.125653 0.122759 0.144668 0.130769 0.128665 0.1124 0.126029 0.143244 0.154356 0.159636 0.147313 0.0975257 0.08655 0.0793481 0.0665416 0.0667356 
0.0722831 0.0588933 0.0717834 0.0629407 0.0499588 0.0399058 0.0399083 0.0595751 0.06289 0.084537 0.244808 0.138333 0.0939246 0.0985737 0.178322 0.128972 0.157054 0.479881 0.555108 0.574892 0.4925 0.24385 0.182175 0.243657 0.561772 0.98114 0.989426 0.987175 0.982623 0.990635 0.991206 0.992992 0.987725 0.991875 0.989969 0.97378 0.869153 0.40815 0.161341 0.0923163 0.137251 0.131709 0.164925 0.106735 0.0733062 0.117313 0.0527594 0.0473546 0.0996722 0.0598959 0.0543529 0.0671395 0.157181 0.227849 0.233632 0.259072 0.203694 0.0964406 0.0658552 0.0457354 0.0443437 0.0420047 0.0379578 0.039745 0.0375117 0.046337 0.0620005 0.0763873 0.0802974 0.191534 0.221227 0.253988 0.28881 0.224344 0.140263 0.0649669 0.0436784 0.05233 0.0614585 0.127219 0.210834 0.133186 0.217347 0.257831 0.296778 0.174027 0.24217 0.228328 0.282616 0.132335 0.200688 0.257633 0.129474 0.10676 0.204515 0.082202 0.0850407 0.0665828 0.136663 0.0677886 0.0642313 0.103112 0.0610347 0.0563719 0.0644206 0.136425 0.0895897 0.182962 0.235105 0.25082 0.150856 0.217063 0.234431 0.140772 0.230379 0.225399 0.255585 0.225141 0.248975 0.260692 0.208611 0.202196 0.21463 0.27005 0.321303 0.369899 0.359974 0.286819 0.167773 0.121806 0.12133 0.0909894 0.0937588 
0.0720964 0.0646983 0.0583528 0.0594917 0.0504887 0.0428002 0.0403538 0.0554565 0.0723477 0.0945801 0.207058 0.115532 0.106622 0.0888832 0.186757 0.145374 0.156726 0.332333 0.424571 0.413012 0.426008 0.202973 0.168484 0.17181 0.351078 0.936187 0.983226 0.98082 0.98712 0.991206 0.989409 0.992846 0.988502 0.992776 0.991293 0.985405 0.975862 0.904951 0.419944 0.119389 0.142684 0.128028 0.140184 0.0901237 0.067654 0.0826332 0.0434922 0.0442482 0.094627 0.0615282 0.0586683 0.0793425 0.142432 0.189528 0.217269 0.20134 0.172491 0.0867769 0.0574067 0.0414914 0.0449325 0.0461795 0.0438777 0.0436503 0.043059 0.0519397 0.070042 0.0869504 0.0979571 0.192193 0.225157 0.221905 0.207201 0.189095 0.128398 0.0626052 0.0486987 0.0530624 0.0760185 0.141772 0.175517 0.120609 0.182808 0.22206 0.236249 0.155955 0.248244 0.239717 0.28728 0.123976 0.216962 0.221578 0.117582 0.106411 0.177802 0.0795045 0.0771538 0.0623869 0.0956559 0.0602077 0.062118 0.116968 0.0676718 0.0570443 0.0612746 0.122638 0.0923143 0.184916 0.206817 0.210055 0.162805 0.224691 0.235151 0.153152 0.222578 0.216386 0.239637 0.202976 0.238852 0.235234 0.195079 0.200632 0.21187 0.246679 0.284205 0.31831 0.310178 0.304629 0.143348 0.119962 0.112016 0.0791265 0.0865513 
